1,1,1011.04,285.32,76.03,117.29,0.82,-1,-1,-1
2,1,1012.39,285.23,76.13,118.41,0.80,-1,-1,-1
3,1,1016.72,286.30,79.22,116.97,0.82,-1,-1,-1
4,1,1021.89,286.37,77.21,114.98,0.79,-1,-1,-1
5,1,1027.21,285.02,74.04,115.43,0.63,-1,-1,-1
7,1,1053.36,285.96,51.67,113.86,0.46,-1,-1,-1
8,1,1059.46,285.67,47.21,117.50,0.24,-1,-1,-1
71,2,36.51,356.47,81.78,120.38,0.66,-1,-1,-1
73,3,44.48,355.36,80.30,119.96,0.83,-1,-1,-1
74,3,46.95,355.45,77.55,121.25,0.84,-1,-1,-1
75,3,50.13,355.62,75.08,121.31,0.60,-1,-1,-1
80,3,64.81,352.89,65.47,125.83,0.84,-1,-1,-1
81,3,69.54,352.72,64.33,124.92,0.76,-1,-1,-1
82,3,72.17,351.40,72.64,126.42,0.71,-1,-1,-1
83,3,76.03,351.80,79.30,125.23,0.60,-1,-1,-1
84,3,79.36,351.04,86.09,125.24,0.79,-1,-1,-1
85,3,83.29,350.70,86.68,125.67,0.83,-1,-1,-1
86,3,86.37,350.93,87.90,125.32,0.86,-1,-1,-1
87,3,89.52,350.85,86.83,125.49,0.78,-1,-1,-1
88,3,93.61,348.85,82.40,126.74,0.77,-1,-1,-1
89,3,95.32,345.88,79.78,130.42,0.50,-1,-1,-1
90,3,99.01,344.13,76.55,131.06,0.46,-1,-1,-1
91,3,102.43,343.36,71.93,129.42,0.40,-1,-1,-1
92,3,105.06,342.83,68.38,128.24,0.44,-1,-1,-1
93,3,107.16,343.95,68.10,127.66,0.37,-1,-1,-1
94,3,113.44,344.56,65.98,130.96,0.48,-1,-1,-1
96,3,120.93,345.79,78.58,129.73,0.74,-1,-1,-1
97,3,126.00,348.06,83.14,125.97,0.86,-1,-1,-1
98,3,129.88,348.29,88.05,125.50,0.87,-1,-1,-1
99,3,134.22,348.53,87.05,129.14,0.87,-1,-1,-1
100,3,137.51,348.95,85.90,127.89,0.87,-1,-1,-1
101,3,142.35,349.22,82.17,126.58,0.86,-1,-1,-1
102,3,145.27,349.21,78.60,126.11,0.86,-1,-1,-1
103,3,149.69,348.37,73.31,126.92,0.84,-1,-1,-1
104,3,153.65,348.02,69.41,126.29,0.85,-1,-1,-1
107,3,162.26,346.33,67.58,130.00,0.78,-1,-1,-1
108,3,165.05,347.35,67.78,128.52,0.79,-1,-1,-1
109,3,168.26,346.28,72.96,128.03,0.76,-1,-1,-1
110,3,171.12,347.47,78.73,126.89,0.83,-1,-1,-1
111,3,176.42,347.91,83.80,127.42,0.85,-1,-1,-1
112,3,180.22,347.67,86.73,127.84,0.86,-1,-1,-1
113,3,184.23,347.61,91.22,126.95,0.87,-1,-1,-1
114,3,191.27,347.35,85.13,126.34,0.86,-1,-1,-1
115,3,195.85,347.02,81.32,127.82,0.85,-1,-1,-1
116,3,199.87,346.38,77.54,128.98,0.81,-1,-1,-1
117,3,203.87,345.78,72.80,129.43,0.77,-1,-1,-1
118,3,208.44,344.09,68.51,130.45,0.83,-1,-1,-1
119,3,211.96,343.00,62.85,128.11,0.80,-1,-1,-1
120,3,215.77,342.85,61.80,132.22,0.80,-1,-1,-1
121,3,220.60,343.43,59.75,135.52,0.54,-1,-1,-1
122,3,224.13,343.58,60.36,135.33,0.65,-1,-1,-1
123,3,227.96,343.20,62.40,135.06,0.58,-1,-1,-1
124,3,231.20,343.65,61.55,133.12,0.78,-1,-1,-1
125,3,236.33,345.23,58.02,131.11,0.83,-1,-1,-1
126,3,238.80,345.36,59.58,131.82,0.83,-1,-1,-1
127,3,242.40,346.28,66.68,130.23,0.85,-1,-1,-1
128,3,247.00,347.28,63.15,128.68,0.81,-1,-1,-1
129,3,251.03,347.04,58.81,125.28,0.79,-1,-1,-1
130,3,255.99,346.32,56.71,126.55,0.79,-1,-1,-1
131,3,260.39,345.67,57.56,127.07,0.77,-1,-1,-1
132,3,264.62,344.54,57.28,129.56,0.83,-1,-1,-1
133,3,270.22,343.80,53.90,128.05,0.81,-1,-1,-1
134,3,275.59,342.89,49.37,129.54,0.82,-1,-1,-1
135,3,278.76,342.98,48.50,129.85,0.78,-1,-1,-1
136,3,282.88,343.72,50.98,129.99,0.80,-1,-1,-1
137,3,287.10,343.57,48.36,131.22,0.83,-1,-1,-1
138,3,291.08,343.56,49.50,131.71,0.82,-1,-1,-1
139,3,295.20,344.59,52.53,132.22,0.74,-1,-1,-1
140,3,299.85,345.11,53.12,131.54,0.73,-1,-1,-1
141,3,303.71,344.06,55.28,131.66,0.62,-1,-1,-1
142,3,309.26,343.13,52.98,122.56,0.50,-1,-1,-1
143,3,313.38,342.49,50.82,87.22,0.50,-1,-1,-1
144,3,318.39,341.03,51.33,113.65,0.67,-1,-1,-1
145,3,323.11,340.74,51.61,114.45,0.67,-1,-1,-1
146,3,326.77,339.78,50.49,90.91,0.55,-1,-1,-1
147,3,331.21,339.92,49.62,78.04,0.48,-1,-1,-1
148,3,336.32,340.53,45.94,71.00,0.47,-1,-1,-1
149,3,340.82,339.49,46.10,67.14,0.25,-1,-1,-1
150,3,345.59,339.53,46.41,70.33,0.40,-1,-1,-1
151,3,351.47,338.64,42.13,70.11,0.09,-1,-1,-1
197,4,569.03,323.89,50.69,85.78,0.41,-1,-1,-1
199,5,579.08,321.10,47.45,132.78,0.62,-1,-1,-1
200,5,583.35,319.00,45.63,129.19,0.56,-1,-1,-1
201,5,586.33,319.91,46.97,139.95,0.75,-1,-1,-1
202,5,589.83,318.87,48.82,142.44,0.79,-1,-1,-1
203,5,593.67,319.64,48.80,139.81,0.83,-1,-1,-1
204,5,597.23,318.70,57.32,142.55,0.85,-1,-1,-1
205,5,599.26,320.41,64.50,141.48,0.86,-1,-1,-1
206,5,598.60,321.17,71.04,139.42,0.85,-1,-1,-1
207,5,596.92,321.79,73.43,137.39,0.87,-1,-1,-1
208,5,596.52,321.84,75.51,136.82,0.88,-1,-1,-1
209,5,597.17,320.29,77.32,139.21,0.76,-1,-1,-1
210,5,601.21,320.03,78.17,138.67,0.79,-1,-1,-1
211,5,608.13,318.37,75.20,142.23,0.81,-1,-1,-1
212,5,618.94,317.94,67.69,142.25,0.85,-1,-1,-1
213,5,630.81,316.55,58.06,142.77,0.84,-1,-1,-1
214,5,639.56,316.83,52.26,143.76,0.80,-1,-1,-1
215,5,648.00,316.31,47.68,144.11,0.80,-1,-1,-1
216,5,652.80,315.55,50.26,144.68,0.84,-1,-1,-1
217,5,653.78,316.76,56.23,140.79,0.87,-1,-1,-1
218,5,653.32,317.14,64.73,139.07,0.87,-1,-1,-1
219,5,653.75,317.08,74.01,139.02,0.85,-1,-1,-1
220,5,653.78,316.05,83.77,142.86,0.88,-1,-1,-1
221,5,654.59,315.56,87.74,146.06,0.83,-1,-1,-1
222,5,656.69,315.01,90.34,144.55,0.81,-1,-1,-1
223,5,658.31,314.99,93.18,144.25,0.85,-1,-1,-1
224,5,666.71,313.80,86.64,139.23,0.78,-1,-1,-1
225,5,679.42,313.63,74.34,135.18,0.81,-1,-1,-1
226,5,686.31,313.20,66.58,135.61,0.81,-1,-1,-1
227,5,695.29,311.86,58.63,137.23,0.85,-1,-1,-1
228,5,703.59,311.58,52.48,137.90,0.85,-1,-1,-1
229,5,707.36,311.53,52.93,139.66,0.85,-1,-1,-1
230,5,710.37,311.05,54.58,139.54,0.85,-1,-1,-1
231,5,710.97,311.35,60.31,136.99,0.86,-1,-1,-1
232,5,711.95,311.58,66.18,136.40,0.87,-1,-1,-1
233,5,712.05,310.12,75.28,138.13,0.87,-1,-1,-1
234,5,712.05,310.70,80.46,136.61,0.87,-1,-1,-1
235,5,712.96,312.49,82.50,135.09,0.89,-1,-1,-1
236,5,713.66,311.79,84.27,135.41,0.88,-1,-1,-1
237,5,717.97,311.71,84.37,135.77,0.87,-1,-1,-1
238,5,721.80,311.93,83.02,135.27,0.87,-1,-1,-1
239,5,731.36,310.97,77.32,135.13,0.84,-1,-1,-1
240,5,743.89,308.19,68.37,139.08,0.85,-1,-1,-1
241,5,754.86,306.73,60.88,139.68,0.84,-1,-1,-1
242,5,763.45,304.82,56.10,142.00,0.85,-1,-1,-1
243,5,767.26,304.48,55.76,142.69,0.86,-1,-1,-1
244,5,768.82,304.05,60.06,142.89,0.88,-1,-1,-1
245,5,768.74,302.89,67.26,144.41,0.87,-1,-1,-1
246,5,767.68,304.03,76.19,141.33,0.87,-1,-1,-1
247,5,768.81,304.86,82.59,139.69,0.85,-1,-1,-1
248,5,769.37,305.30,90.67,138.07,0.83,-1,-1,-1
249,5,771.06,304.36,93.43,140.06,0.84,-1,-1,-1
250,5,775.39,305.05,90.99,144.56,0.85,-1,-1,-1
251,5,796.35,303.30,71.84,140.05,0.83,-1,-1,-1
252,5,805.75,300.50,62.62,138.11,0.83,-1,-1,-1
253,5,808.55,299.79,58.47,132.97,0.84,-1,-1,-1
254,5,812.91,298.68,54.88,131.84,0.83,-1,-1,-1
255,5,818.65,298.03,52.50,136.55,0.87,-1,-1,-1
256,5,820.60,297.23,54.41,137.38,0.87,-1,-1,-1
257,5,822.13,296.92,56.84,136.27,0.90,-1,-1,-1
258,5,822.35,296.79,60.55,135.07,0.90,-1,-1,-1
259,5,822.98,296.57,65.91,135.00,0.88,-1,-1,-1
260,5,823.54,296.56,71.80,134.30,0.85,-1,-1,-1
261,5,823.65,298.04,75.66,132.31,0.87,-1,-1,-1
262,5,825.97,298.13,75.74,132.18,0.83,-1,-1,-1
263,5,826.48,298.81,78.56,129.96,0.82,-1,-1,-1
264,5,834.38,298.85,74.03,129.28,0.82,-1,-1,-1
265,5,836.60,297.69,75.04,130.75,0.84,-1,-1,-1
266,5,841.39,297.32,73.73,130.67,0.84,-1,-1,-1
267,5,850.11,296.01,68.43,133.11,0.82,-1,-1,-1
268,5,860.31,297.33,61.29,133.12,0.60,-1,-1,-1
269,5,868.76,296.33,55.18,132.78,0.72,-1,-1,-1
270,5,875.46,294.74,53.22,133.98,0.83,-1,-1,-1
271,5,877.85,293.55,55.30,135.75,0.87,-1,-1,-1
272,5,878.43,295.43,60.79,133.03,0.88,-1,-1,-1
273,5,877.76,294.97,68.12,133.10,0.89,-1,-1,-1
274,5,877.60,294.27,71.34,133.14,0.88,-1,-1,-1
275,5,877.30,292.31,75.48,135.07,0.85,-1,-1,-1
276,5,877.61,293.18,78.81,133.64,0.82,-1,-1,-1
277,5,881.36,293.11,78.15,133.92,0.69,-1,-1,-1
278,5,883.06,292.56,80.34,134.28,0.74,-1,-1,-1
279,5,893.42,292.06,73.21,131.03,0.77,-1,-1,-1
280,5,901.94,292.06,68.21,128.96,0.84,-1,-1,-1
281,5,911.03,290.70,61.86,130.71,0.86,-1,-1,-1
282,5,917.50,288.84,57.54,133.80,0.83,-1,-1,-1
283,5,921.86,288.51,55.90,132.12,0.86,-1,-1,-1
284,5,924.74,287.90,57.62,131.22,0.87,-1,-1,-1
285,5,924.90,288.46,62.04,130.46,0.86,-1,-1,-1
286,5,924.10,288.83,66.06,129.44,0.85,-1,-1,-1
287,5,923.18,289.50,70.65,128.49,0.82,-1,-1,-1
288,5,922.72,290.60,74.27,127.33,0.83,-1,-1,-1
289,5,924.27,288.95,76.65,130.64,0.87,-1,-1,-1
290,5,926.23,290.26,77.23,129.45,0.89,-1,-1,-1
291,5,927.98,289.18,77.43,133.07,0.86,-1,-1,-1
292,5,932.27,288.89,77.47,130.20,0.82,-1,-1,-1
293,5,936.68,286.62,78.69,131.70,0.83,-1,-1,-1
294,5,946.33,284.73,73.23,131.15,0.81,-1,-1,-1
295,5,954.83,284.41,68.78,128.92,0.82,-1,-1,-1
296,5,962.51,284.87,63.98,128.45,0.80,-1,-1,-1
297,5,969.61,284.52,60.02,129.43,0.82,-1,-1,-1
298,5,971.44,284.42,60.94,129.84,0.83,-1,-1,-1
299,5,972.77,284.39,64.39,129.70,0.85,-1,-1,-1
300,5,973.33,285.16,68.64,128.04,0.85,-1,-1,-1
301,5,973.56,285.96,74.01,127.18,0.83,-1,-1,-1
302,5,972.79,285.70,80.66,126.62,0.85,-1,-1,-1
303,5,973.49,285.23,85.95,127.59,0.86,-1,-1,-1
304,5,983.01,285.20,80.08,123.87,0.80,-1,-1,-1
305,5,986.92,284.89,78.01,123.44,0.81,-1,-1,-1
306,5,991.47,283.23,75.20,123.65,0.80,-1,-1,-1
307,5,996.29,281.64,70.80,124.91,0.79,-1,-1,-1
308,5,1002.86,280.17,63.84,124.54,0.81,-1,-1,-1
309,5,1008.05,279.72,59.97,124.78,0.82,-1,-1,-1
310,5,1011.19,278.83,58.02,126.76,0.84,-1,-1,-1
311,5,1012.13,278.84,59.89,126.02,0.85,-1,-1,-1
312,5,1013.42,279.88,61.48,124.51,0.86,-1,-1,-1
313,5,1014.27,280.01,64.20,123.85,0.86,-1,-1,-1
314,5,1014.08,279.31,68.96,123.83,0.86,-1,-1,-1
315,5,1013.68,278.63,73.88,124.40,0.85,-1,-1,-1
316,5,1014.13,276.72,78.94,125.86,0.88,-1,-1,-1
317,5,1015.21,277.69,80.77,124.97,0.87,-1,-1,-1
318,5,1017.29,279.04,80.60,122.70,0.89,-1,-1,-1
319,5,1020.41,277.49,79.14,123.28,0.86,-1,-1,-1
320,5,1026.94,276.56,74.91,122.69,0.83,-1,-1,-1
321,5,1034.34,276.48,69.87,122.88,0.57,-1,-1,-1
322,5,1045.53,278.20,58.61,119.91,0.48,-1,-1,-1
533,6,2.45,356.61,58.79,110.13,0.53,-1,-1,-1
537,7,18.50,357.62,75.50,113.87,0.76,-1,-1,-1
538,7,22.76,360.24,76.69,111.64,0.62,-1,-1,-1
539,7,25.22,363.37,78.90,109.96,0.57,-1,-1,-1
540,7,28.25,363.84,79.33,109.95,0.78,-1,-1,-1
541,7,31.46,365.80,76.52,108.76,0.35,-1,-1,-1
544,7,41.27,362.35,64.00,110.96,0.65,-1,-1,-1
545,7,44.77,363.07,60.73,111.23,0.19,-1,-1,-1
546,7,47.74,363.15,60.51,112.32,0.34,-1,-1,-1
547,7,53.40,361.68,63.06,111.73,0.74,-1,-1,-1
548,7,57.28,362.44,68.98,110.43,0.61,-1,-1,-1
549,7,62.53,365.34,54.10,108.41,0.65,-1,-1,-1
550,7,65.62,363.81,48.49,112.90,0.51,-1,-1,-1
551,7,69.06,362.08,67.42,114.44,0.60,-1,-1,-1
552,7,74.49,363.66,71.13,110.75,0.80,-1,-1,-1
553,7,77.36,364.31,73.51,111.01,0.37,-1,-1,-1
554,7,77.43,360.45,74.33,115.21,0.69,-1,-1,-1
555,7,85.47,357.54,70.09,117.00,0.70,-1,-1,-1
556,7,91.51,356.99,65.86,116.91,0.18,-1,-1,-1
561,7,108.74,363.74,75.24,113.66,0.63,-1,-1,-1
562,7,113.63,361.88,78.00,114.67,0.78,-1,-1,-1
563,7,117.11,361.10,76.72,114.70,0.67,-1,-1,-1
564,7,121.80,362.68,81.55,115.60,0.43,-1,-1,-1
565,7,125.85,363.79,83.02,116.69,0.22,-1,-1,-1
566,7,130.07,361.47,82.25,120.08,0.77,-1,-1,-1
567,7,134.22,359.13,79.59,122.07,0.13,-1,-1,-1
568,7,137.88,361.38,74.92,118.59,0.56,-1,-1,-1
569,7,142.28,362.02,69.79,117.41,0.75,-1,-1,-1
572,7,157.62,359.68,61.69,121.26,0.46,-1,-1,-1
573,7,162.00,359.42,62.46,121.88,0.65,-1,-1,-1
574,7,165.01,360.36,73.48,120.66,0.79,-1,-1,-1
575,7,168.40,360.75,81.21,119.22,0.70,-1,-1,-1
576,7,173.80,362.36,81.08,117.11,0.80,-1,-1,-1
577,7,178.36,362.10,80.84,117.87,0.80,-1,-1,-1
578,7,184.22,361.45,79.81,119.76,0.74,-1,-1,-1
579,7,189.70,362.10,60.23,116.46,0.70,-1,-1,-1
580,7,194.53,360.65,68.28,119.43,0.58,-1,-1,-1
581,7,198.83,360.15,66.52,119.97,0.60,-1,-1,-1
582,7,203.77,359.42,61.64,119.62,0.71,-1,-1,-1
583,7,208.16,356.81,57.23,122.13,0.78,-1,-1,-1
584,7,213.40,356.04,54.45,124.12,0.77,-1,-1,-1
585,7,217.27,356.68,54.38,125.68,0.44,-1,-1,-1
586,7,221.31,359.74,59.07,120.21,0.21,-1,-1,-1
588,7,229.06,357.15,63.93,122.75,0.27,-1,-1,-1
590,7,238.77,359.34,59.56,121.56,0.26,-1,-1,-1
591,7,244.89,360.31,53.60,120.44,0.36,-1,-1,-1
592,7,249.08,361.16,57.58,120.06,0.46,-1,-1,-1
593,7,253.51,360.62,57.84,118.87,0.61,-1,-1,-1
594,7,259.44,360.88,53.19,114.74,0.51,-1,-1,-1
596,7,269.47,358.74,52.25,106.98,0.53,-1,-1,-1
597,7,274.87,358.02,49.35,115.60,0.71,-1,-1,-1
598,7,280.35,357.98,48.12,115.96,0.28,-1,-1,-1
599,7,285.01,357.21,44.21,116.35,0.70,-1,-1,-1
600,7,289.16,358.08,41.56,112.43,0.75,-1,-1,-1
601,7,294.02,359.43,39.19,115.44,0.48,-1,-1,-1
602,7,298.63,359.55,40.05,117.52,0.61,-1,-1,-1
603,7,304.27,360.06,42.42,117.13,0.12,-1,-1,-1
604,7,309.76,359.46,49.52,117.38,0.13,-1,-1,-1
605,7,316.17,359.24,48.15,113.26,0.12,-1,-1,-1
656,8,588.94,352.25,72.69,127.55,0.74,-1,-1,-1
657,8,593.08,351.30,60.12,131.46,0.80,-1,-1,-1
658,8,597.63,349.01,55.18,133.92,0.82,-1,-1,-1
659,8,601.10,346.87,57.84,136.56,0.81,-1,-1,-1
660,8,604.66,345.17,61.11,139.79,0.20,-1,-1,-1
661,8,612.69,343.74,56.26,137.65,0.20,-1,-1,-1
662,8,623.13,345.36,51.58,137.48,0.84,-1,-1,-1
663,8,629.80,345.89,49.79,135.78,0.75,-1,-1,-1
664,8,631.30,344.88,54.75,137.64,0.79,-1,-1,-1
665,8,631.34,344.40,63.94,139.31,0.54,-1,-1,-1
666,8,631.64,346.48,75.41,137.82,0.78,-1,-1,-1
667,8,632.18,348.66,84.62,134.55,0.79,-1,-1,-1
668,8,632.44,347.48,88.32,139.92,0.78,-1,-1,-1
669,8,639.07,348.04,82.17,138.18,0.81,-1,-1,-1
670,8,640.25,348.60,81.77,134.11,0.70,-1,-1,-1
671,8,652.37,348.44,74.00,133.08,0.77,-1,-1,-1
672,8,660.94,347.32,66.81,134.74,0.65,-1,-1,-1
673,8,669.67,345.96,64.47,133.73,0.79,-1,-1,-1
674,8,680.20,346.32,57.04,132.83,0.81,-1,-1,-1
675,8,688.03,347.96,54.10,128.45,0.81,-1,-1,-1
676,8,693.45,348.49,53.47,126.08,0.82,-1,-1,-1
677,8,697.06,348.31,55.15,124.75,0.78,-1,-1,-1
678,8,697.58,346.38,65.41,126.32,0.81,-1,-1,-1
679,8,698.03,346.57,76.71,126.32,0.83,-1,-1,-1
680,8,696.67,347.06,88.72,126.10,0.68,-1,-1,-1
681,8,699.13,347.26,88.93,125.27,0.80,-1,-1,-1
682,8,701.84,345.27,87.87,127.76,0.85,-1,-1,-1
683,8,705.37,345.82,86.74,126.94,0.78,-1,-1,-1
684,8,729.26,343.62,66.05,126.88,0.77,-1,-1,-1
685,8,736.34,340.88,64.37,130.71,0.82,-1,-1,-1
686,8,742.84,340.11,64.23,131.13,0.76,-1,-1,-1
687,8,756.10,338.93,55.42,131.18,0.78,-1,-1,-1
688,8,762.37,337.84,52.27,131.75,0.55,-1,-1,-1
689,8,764.59,338.71,55.88,130.68,0.58,-1,-1,-1
690,8,764.17,338.41,63.03,132.00,0.82,-1,-1,-1
691,8,764.14,337.95,70.53,132.87,0.81,-1,-1,-1
692,8,763.16,338.75,78.15,132.23,0.75,-1,-1,-1
693,8,763.90,335.17,82.39,139.30,0.65,-1,-1,-1
694,8,765.44,337.07,87.40,138.23,0.21,-1,-1,-1
695,8,769.25,339.66,88.70,133.86,0.73,-1,-1,-1
696,8,777.01,339.51,86.08,135.06,0.83,-1,-1,-1
697,8,787.01,338.61,81.36,136.61,0.83,-1,-1,-1
698,8,806.38,338.54,67.59,134.41,0.80,-1,-1,-1
699,8,818.67,335.61,59.88,134.71,0.83,-1,-1,-1
700,8,828.00,333.42,54.80,139.01,0.33,-1,-1,-1
701,8,833.34,331.72,55.07,138.21,0.61,-1,-1,-1
702,8,836.67,330.80,56.22,135.22,0.85,-1,-1,-1
703,8,838.25,331.43,61.06,132.49,0.67,-1,-1,-1
704,8,838.46,331.04,68.49,135.55,0.83,-1,-1,-1
705,8,838.67,333.21,74.58,132.94,0.88,-1,-1,-1
706,8,837.29,333.21,80.56,132.32,0.60,-1,-1,-1
707,8,838.49,333.29,81.91,132.12,0.85,-1,-1,-1
708,8,846.36,332.29,78.79,129.77,0.76,-1,-1,-1
709,8,867.14,330.85,62.31,125.72,0.84,-1,-1,-1
710,8,874.75,329.75,58.95,124.99,0.84,-1,-1,-1
711,8,878.04,328.64,59.81,125.74,0.81,-1,-1,-1
712,8,884.54,328.02,58.89,125.95,0.55,-1,-1,-1
714,8,894.01,327.93,58.44,125.32,0.39,-1,-1,-1
715,8,893.79,328.23,62.16,124.19,0.80,-1,-1,-1
716,8,893.85,326.93,69.01,126.20,0.65,-1,-1,-1
720,8,899.67,328.30,84.63,125.49,0.36,-1,-1,-1
721,8,901.75,327.50,86.46,125.01,0.42,-1,-1,-1
728,8,952.35,323.48,70.30,124.58,0.31,-1,-1,-1
729,8,953.58,320.15,78.36,140.13,0.13,-1,-1,-1
730,8,958.04,322.13,79.56,142.20,0.11,-1,-1,-1
734,8,980.36,317.53,73.84,135.44,0.81,-1,-1,-1
735,8,982.94,315.64,74.11,133.44,0.33,-1,-1,-1
736,8,988.60,316.17,75.24,131.08,0.55,-1,-1,-1
737,8,996.90,314.09,72.20,130.91,0.31,-1,-1,-1
738,8,1000.75,314.10,73.64,128.99,0.14,-1,-1,-1
739,8,1003.58,313.64,73.82,124.81,0.15,-1,-1,-1
740,8,1006.80,312.97,73.65,124.93,0.30,-1,-1,-1
747,8,1028.40,311.97,74.10,118.10,0.41,-1,-1,-1
970,9,0.03,238.02,50.02,103.91,0.48,-1,-1,-1
971,9,0.15,237.86,55.34,103.65,0.61,-1,-1,-1
972,9,0.72,236.89,59.02,103.45,0.22,-1,-1,-1
973,9,0.35,239.77,64.00,101.85,0.65,-1,-1,-1
974,9,0.42,241.56,63.02,100.36,0.66,-1,-1,-1
975,9,1.89,237.78,64.32,104.74,0.21,-1,-1,-1
976,9,5.16,236.61,61.43,104.73,0.64,-1,-1,-1
977,9,6.68,238.61,61.77,102.12,0.80,-1,-1,-1
978,9,9.39,238.64,59.22,103.47,0.82,-1,-1,-1
979,9,11.36,237.17,57.11,106.47,0.83,-1,-1,-1
980,9,13.78,238.14,53.38,105.51,0.83,-1,-1,-1
981,9,16.25,240.46,48.87,104.64,0.74,-1,-1,-1
982,9,18.23,240.77,47.37,103.66,0.67,-1,-1,-1
983,9,19.41,241.28,47.80,102.80,0.67,-1,-1,-1
984,9,21.40,242.27,47.40,104.19,0.70,-1,-1,-1
985,9,22.62,244.20,52.78,107.10,0.81,-1,-1,-1
986,9,24.28,244.90,55.22,108.56,0.81,-1,-1,-1
987,9,27.52,245.75,56.30,107.75,0.83,-1,-1,-1
987,10,0.00,309.52,40.09,73.74,0.48,-1,-1,-1
988,9,30.12,246.85,56.16,105.03,0.85,-1,-1,-1
988,10,0.00,306.08,40.26,79.22,0.60,-1,-1,-1
989,9,31.21,248.20,57.51,103.22,0.82,-1,-1,-1
989,10,0.00,304.46,42.45,79.74,0.71,-1,-1,-1
990,9,33.31,249.04,56.81,100.83,0.76,-1,-1,-1
990,10,-0.01,296.58,40.31,88.12,0.71,-1,-1,-1
991,9,35.30,248.29,55.50,102.02,0.77,-1,-1,-1
991,10,-0.00,288.55,38.63,96.97,0.73,-1,-1,-1
992,9,36.18,248.81,55.28,102.70,0.73,-1,-1,-1
992,10,-0.00,283.62,40.29,104.00,0.61,-1,-1,-1
993,9,37.53,250.00,54.59,101.48,0.76,-1,-1,-1
993,10,0.00,282.46,40.73,105.66,0.62,-1,-1,-1
994,9,40.12,250.07,51.49,102.77,0.74,-1,-1,-1
994,10,0.00,282.50,41.27,106.40,0.66,-1,-1,-1
995,9,41.88,250.35,49.96,102.89,0.73,-1,-1,-1
995,10,0.01,282.11,41.20,106.26,0.71,-1,-1,-1
996,9,43.61,250.04,49.46,103.56,0.74,-1,-1,-1
996,10,0.00,282.94,47.14,106.75,0.71,-1,-1,-1
997,9,44.73,248.80,52.20,105.08,0.73,-1,-1,-1
997,10,0.07,283.06,52.28,107.20,0.65,-1,-1,-1
998,9,47.33,247.84,51.17,105.77,0.68,-1,-1,-1
998,10,0.25,282.95,57.12,105.33,0.61,-1,-1,-1
999,9,49.39,247.60,51.37,105.79,0.78,-1,-1,-1
999,10,1.34,284.88,59.76,101.89,0.71,-1,-1,-1
1000,9,50.51,247.99,57.06,105.02,0.81,-1,-1,-1
1000,10,1.41,286.15,66.95,100.02,0.76,-1,-1,-1
1001,9,51.56,247.80,61.08,105.31,0.81,-1,-1,-1
1001,10,3.34,288.05,66.46,96.96,0.75,-1,-1,-1
1001,11,0.00,362.74,21.09,103.60,0.56,-1,-1,-1
1002,9,53.17,248.05,61.35,104.57,0.80,-1,-1,-1
1002,10,6.76,288.52,65.07,96.84,0.72,-1,-1,-1
1002,11,0.60,358.15,24.26,110.93,0.61,-1,-1,-1
1003,9,57.93,248.40,60.77,104.06,0.81,-1,-1,-1
1003,10,9.93,285.56,59.06,97.71,0.65,-1,-1,-1
1003,11,0.81,358.71,30.29,110.58,0.63,-1,-1,-1
1004,9,61.94,248.33,60.06,103.17,0.80,-1,-1,-1
1004,10,13.38,286.26,57.62,100.66,0.73,-1,-1,-1
1004,11,0.75,355.99,36.57,111.46,0.58,-1,-1,-1
1004,12,0.00,279.78,26.00,107.38,0.41,-1,-1,-1
1005,9,63.62,246.42,63.22,106.40,0.73,-1,-1,-1
1005,10,16.46,285.18,52.58,101.61,0.66,-1,-1,-1
1005,11,0.39,355.62,40.67,111.58,0.65,-1,-1,-1
1005,12,0.00,277.41,22.63,92.87,0.55,-1,-1,-1
1006,9,65.58,246.08,61.44,106.81,0.75,-1,-1,-1
1006,10,19.05,283.50,52.47,104.85,0.70,-1,-1,-1
1006,11,0.64,340.52,43.38,126.46,0.55,-1,-1,-1
1006,12,-0.00,276.18,24.79,99.74,0.51,-1,-1,-1
1007,9,67.89,246.01,59.31,105.03,0.75,-1,-1,-1
1007,10,21.13,281.02,51.14,107.89,0.63,-1,-1,-1
1007,11,0.29,301.98,43.47,164.71,0.56,-1,-1,-1
1007,12,0.04,273.29,25.97,98.22,0.43,-1,-1,-1
1008,9,69.56,244.28,58.27,109.70,0.75,-1,-1,-1
1008,10,24.57,280.96,45.81,106.58,0.58,-1,-1,-1
1008,11,0.09,299.85,45.06,166.56,0.64,-1,-1,-1
1008,12,0.09,269.91,25.93,102.55,0.42,-1,-1,-1
1009,9,71.14,243.62,55.71,116.06,0.74,-1,-1,-1
1009,10,26.82,280.39,43.23,104.46,0.63,-1,-1,-1
1009,11,0.00,310.44,48.40,156.24,0.60,-1,-1,-1
1009,12,0.56,269.78,27.46,96.40,0.42,-1,-1,-1
1010,9,74.41,242.19,52.35,118.97,0.78,-1,-1,-1
1010,10,29.39,285.70,44.03,98.18,0.56,-1,-1,-1
1010,11,-0.02,326.12,52.30,140.72,0.63,-1,-1,-1
1010,12,0.69,269.30,30.56,102.66,0.45,-1,-1,-1
1011,9,74.93,242.29,51.36,117.11,0.77,-1,-1,-1
1011,10,32.50,286.38,49.01,97.49,0.62,-1,-1,-1
1011,11,-0.03,328.77,54.62,137.54,0.46,-1,-1,-1
1011,12,0.29,267.72,31.43,99.66,0.45,-1,-1,-1
1012,9,76.29,242.13,51.44,114.88,0.73,-1,-1,-1
1012,10,35.43,284.92,53.67,98.73,0.68,-1,-1,-1
1012,11,0.39,294.66,52.62,161.67,0.70,-1,-1,-1
1012,12,0.12,270.64,36.92,102.80,0.32,-1,-1,-1
1013,9,79.08,240.20,51.68,121.43,0.69,-1,-1,-1
1013,10,35.66,282.85,48.37,100.65,0.65,-1,-1,-1
1013,11,0.75,289.95,50.86,156.31,0.73,-1,-1,-1
1013,12,0.77,271.49,35.87,108.69,0.32,-1,-1,-1
1014,9,81.50,240.96,53.32,123.40,0.56,-1,-1,-1
1014,10,43.60,291.66,50.78,93.30,0.49,-1,-1,-1
1014,11,1.03,301.33,52.01,146.40,0.63,-1,-1,-1
1014,12,0.84,272.23,36.44,102.59,0.25,-1,-1,-1
1015,9,82.68,241.21,57.52,126.01,0.69,-1,-1,-1
1015,10,41.91,287.35,62.20,98.45,0.59,-1,-1,-1
1015,11,1.17,290.42,55.32,169.98,0.69,-1,-1,-1
1015,12,0.74,273.52,40.07,106.85,0.27,-1,-1,-1
1016,9,84.45,242.00,59.26,126.04,0.72,-1,-1,-1
1016,10,43.43,280.93,61.31,105.00,0.61,-1,-1,-1
1016,11,1.23,286.41,61.54,179.20,0.66,-1,-1,-1
1016,12,0.92,271.96,45.00,113.03,0.20,-1,-1,-1
1017,9,86.38,242.60,60.13,125.16,0.75,-1,-1,-1
1017,10,46.86,278.88,57.92,108.09,0.64,-1,-1,-1
1017,11,6.25,297.44,63.06,168.95,0.58,-1,-1,-1
1017,12,2.87,270.85,43.47,104.23,0.37,-1,-1,-1
1018,9,89.36,243.59,59.21,124.51,0.71,-1,-1,-1
1018,10,49.41,277.73,51.91,109.19,0.55,-1,-1,-1
1018,11,8.62,300.89,61.44,164.07,0.38,-1,-1,-1
1018,12,4.67,270.87,43.80,135.86,0.34,-1,-1,-1
1019,9,92.23,246.84,56.16,115.37,0.69,-1,-1,-1
1019,10,51.80,279.19,53.14,103.78,0.54,-1,-1,-1
1019,11,11.88,310.90,60.84,154.21,0.59,-1,-1,-1
1019,12,8.99,293.53,42.55,125.31,0.12,-1,-1,-1
1020,9,92.24,246.36,60.61,115.93,0.74,-1,-1,-1
1020,11,13.44,323.86,64.31,141.09,0.73,-1,-1,-1
1020,12,9.71,279.14,43.48,107.72,0.46,-1,-1,-1
1021,9,94.51,246.78,60.83,116.71,0.71,-1,-1,-1
1021,11,17.06,331.37,65.12,133.55,0.74,-1,-1,-1
1021,12,10.01,272.72,45.10,100.80,0.50,-1,-1,-1
1021,10,57.86,281.64,47.47,99.56,0.45,-1,-1,-1
1022,9,98.62,246.49,58.02,117.46,0.71,-1,-1,-1
1022,11,18.36,316.50,65.26,148.42,0.61,-1,-1,-1
1022,12,12.64,271.99,44.72,103.01,0.31,-1,-1,-1
1022,10,62.55,284.81,47.41,104.19,0.47,-1,-1,-1
1023,9,101.07,246.04,56.40,118.41,0.71,-1,-1,-1
1023,11,19.28,293.17,69.06,172.19,0.63,-1,-1,-1
1023,12,13.77,272.76,46.16,106.54,0.32,-1,-1,-1
1023,10,63.09,283.02,49.71,104.84,0.44,-1,-1,-1
1024,9,103.64,244.37,54.04,120.95,0.79,-1,-1,-1
1024,11,21.97,282.08,74.39,185.84,0.73,-1,-1,-1
1024,10,64.45,280.30,52.57,108.62,0.56,-1,-1,-1
1025,9,103.73,246.12,54.47,122.75,0.77,-1,-1,-1
1025,11,26.31,290.15,71.48,180.39,0.67,-1,-1,-1
1025,10,68.08,279.79,54.67,113.03,0.50,-1,-1,-1
1025,12,18.20,270.11,39.48,79.46,0.43,-1,-1,-1
1026,9,103.85,247.88,57.25,126.99,0.75,-1,-1,-1
1026,11,28.32,284.50,70.34,183.96,0.62,-1,-1,-1
1026,10,72.07,284.35,58.13,107.82,0.53,-1,-1,-1
1026,12,20.31,272.18,40.83,85.61,0.31,-1,-1,-1
1027,9,107.88,246.10,54.98,121.39,0.74,-1,-1,-1
1027,11,27.73,276.21,67.82,188.27,0.70,-1,-1,-1
1027,10,75.56,286.25,61.38,105.89,0.61,-1,-1,-1
1027,12,22.35,272.18,39.23,74.64,0.16,-1,-1,-1
1028,9,109.52,242.32,55.45,126.36,0.76,-1,-1,-1
1028,11,27.92,271.38,66.53,189.53,0.59,-1,-1,-1
1028,10,78.81,284.46,60.69,103.89,0.59,-1,-1,-1
1028,12,23.83,272.49,37.46,70.32,0.16,-1,-1,-1
1029,9,112.30,241.09,56.56,126.78,0.74,-1,-1,-1
1029,11,37.48,294.07,59.19,168.30,0.63,-1,-1,-1
1029,10,81.49,281.69,63.00,106.09,0.66,-1,-1,-1
1029,12,25.20,272.02,38.60,66.73,0.16,-1,-1,-1
1029,13,24.79,271.17,56.96,140.53,0.53,-1,-1,-1
1030,9,114.94,242.84,58.30,126.11,0.71,-1,-1,-1
1030,11,38.62,292.45,64.91,171.50,0.71,-1,-1,-1
1030,10,84.04,277.54,61.14,109.08,0.70,-1,-1,-1
1030,12,26.29,271.82,40.74,66.98,0.10,-1,-1,-1
1030,13,26.25,272.90,58.70,147.69,0.43,-1,-1,-1
1031,9,117.49,242.94,59.73,126.69,0.70,-1,-1,-1
1031,11,36.55,280.64,75.93,183.92,0.62,-1,-1,-1
1031,10,86.07,277.15,60.17,108.09,0.67,-1,-1,-1
1031,13,28.55,273.44,52.48,129.64,0.42,-1,-1,-1
1032,9,120.58,242.38,63.84,124.95,0.66,-1,-1,-1
1032,11,39.08,277.79,81.35,186.42,0.63,-1,-1,-1
1032,10,89.28,278.68,61.67,106.94,0.64,-1,-1,-1
1032,13,31.33,272.60,52.01,127.54,0.30,-1,-1,-1
1033,9,122.81,241.51,62.30,125.31,0.69,-1,-1,-1
1033,11,40.65,276.78,82.04,184.61,0.65,-1,-1,-1
1033,10,92.35,279.85,58.31,105.69,0.61,-1,-1,-1
1033,13,35.15,273.33,48.93,126.60,0.13,-1,-1,-1
1033,12,34.21,269.82,43.11,67.82,0.31,-1,-1,-1
1034,9,126.49,241.44,59.98,125.97,0.64,-1,-1,-1
1034,11,40.10,276.62,73.66,157.91,0.67,-1,-1,-1
1034,10,96.27,279.09,54.11,106.74,0.65,-1,-1,-1
1034,12,36.64,268.77,39.77,62.25,0.20,-1,-1,-1
1035,9,132.07,239.56,52.29,126.03,0.56,-1,-1,-1
1035,11,39.88,272.28,71.59,164.14,0.68,-1,-1,-1
1035,10,98.14,279.04,53.90,106.99,0.64,-1,-1,-1
1035,12,39.32,267.30,38.94,58.03,0.12,-1,-1,-1
1036,9,132.00,239.06,54.36,133.06,0.57,-1,-1,-1
1036,11,41.93,270.25,63.57,148.64,0.66,-1,-1,-1
1036,10,99.48,277.49,54.01,109.84,0.57,-1,-1,-1
1036,12,41.63,266.11,34.61,57.10,0.10,-1,-1,-1
1037,9,129.53,247.95,59.27,131.86,0.62,-1,-1,-1
1037,11,50.39,272.29,59.05,154.39,0.51,-1,-1,-1
1037,10,105.43,278.01,52.51,109.18,0.51,-1,-1,-1
1038,9,128.24,252.97,61.34,130.38,0.64,-1,-1,-1
1038,11,56.46,273.04,70.26,175.38,0.63,-1,-1,-1
1038,10,108.05,276.80,52.51,111.49,0.51,-1,-1,-1
1039,9,129.03,253.86,62.81,131.64,0.70,-1,-1,-1
1039,11,64.96,276.82,69.88,179.67,0.67,-1,-1,-1
1039,10,113.61,278.14,51.52,110.07,0.51,-1,-1,-1
1040,9,133.94,244.44,59.73,134.87,0.57,-1,-1,-1
1040,11,58.82,273.18,78.79,184.85,0.56,-1,-1,-1
1040,10,119.34,272.37,54.39,112.52,0.67,-1,-1,-1
1041,9,137.53,240.79,58.17,133.23,0.54,-1,-1,-1
1041,11,65.13,289.36,75.71,171.59,0.57,-1,-1,-1
1041,10,122.45,272.68,54.74,111.36,0.63,-1,-1,-1
1041,13,50.11,274.74,64.85,123.09,0.39,-1,-1,-1
1042,9,143.50,239.10,52.74,126.79,0.58,-1,-1,-1
1042,11,74.15,308.68,66.88,151.39,0.64,-1,-1,-1
1042,10,122.46,281.37,55.93,102.41,0.59,-1,-1,-1
1042,13,54.27,274.73,55.26,111.55,0.42,-1,-1,-1
1043,9,146.68,238.06,49.35,128.43,0.68,-1,-1,-1
1043,11,77.14,317.41,64.93,142.04,0.67,-1,-1,-1
1043,10,124.06,280.38,57.04,101.89,0.44,-1,-1,-1
1043,13,59.54,274.30,48.69,93.27,0.42,-1,-1,-1
1044,9,149.89,238.09,48.41,129.89,0.75,-1,-1,-1
1044,11,77.41,315.44,73.25,143.42,0.65,-1,-1,-1
1044,10,126.25,280.31,60.00,101.08,0.34,-1,-1,-1
1044,13,60.31,275.26,50.51,104.47,0.35,-1,-1,-1
1045,9,153.58,237.44,50.06,134.99,0.79,-1,-1,-1
1045,11,71.40,291.98,89.29,167.37,0.67,-1,-1,-1
1045,10,125.13,276.27,59.79,106.35,0.29,-1,-1,-1
1045,13,63.50,274.18,47.56,89.20,0.24,-1,-1,-1
1046,9,158.12,239.06,51.37,134.15,0.74,-1,-1,-1
1046,11,70.91,282.03,96.85,179.15,0.70,-1,-1,-1
1046,10,123.37,274.24,61.44,111.67,0.29,-1,-1,-1
1046,13,66.04,272.75,44.53,78.23,0.29,-1,-1,-1
1047,9,159.58,239.35,54.33,134.79,0.74,-1,-1,-1
1047,11,67.09,278.26,105.54,183.00,0.85,-1,-1,-1
1047,10,133.38,274.07,52.90,112.10,0.12,-1,-1,-1
1047,13,65.84,272.01,46.09,73.82,0.26,-1,-1,-1
1048,9,160.62,239.15,66.06,134.45,0.71,-1,-1,-1
1048,11,67.11,277.53,107.14,183.29,0.71,-1,-1,-1
1048,10,125.14,277.46,64.31,126.30,0.12,-1,-1,-1
1048,13,66.01,271.93,45.37,74.67,0.35,-1,-1,-1
1049,9,161.17,240.04,72.57,133.66,0.73,-1,-1,-1
1049,11,69.43,276.85,107.56,182.55,0.38,-1,-1,-1
1049,10,133.56,279.58,58.78,115.74,0.23,-1,-1,-1
1049,13,67.85,272.56,44.20,75.41,0.31,-1,-1,-1
1050,9,163.42,241.08,73.28,131.25,0.74,-1,-1,-1
1050,11,89.47,289.86,92.32,168.98,0.36,-1,-1,-1
1050,10,143.45,281.75,51.64,110.30,0.32,-1,-1,-1
1050,13,72.42,273.44,46.27,82.70,0.52,-1,-1,-1
1051,9,168.62,242.53,68.72,129.20,0.63,-1,-1,-1
1051,11,102.38,305.24,81.46,153.11,0.39,-1,-1,-1
1051,10,149.41,266.55,52.75,117.89,0.47,-1,-1,-1
1051,13,80.04,273.26,47.20,105.40,0.51,-1,-1,-1
1052,9,174.84,243.94,62.91,127.24,0.65,-1,-1,-1
1052,11,109.57,320.03,72.96,134.95,0.54,-1,-1,-1
1052,10,153.72,261.27,52.16,121.05,0.52,-1,-1,-1
1052,13,80.46,274.90,49.34,115.43,0.58,-1,-1,-1
1053,9,176.68,243.78,61.05,127.57,0.68,-1,-1,-1
1053,11,115.84,331.26,63.19,122.24,0.28,-1,-1,-1
1053,10,155.18,259.90,52.67,120.83,0.51,-1,-1,-1
1053,13,81.78,274.67,51.08,124.41,0.60,-1,-1,-1
1054,9,183.86,243.26,53.27,129.26,0.60,-1,-1,-1
1054,11,119.20,320.27,60.66,131.86,0.33,-1,-1,-1
1054,10,155.17,262.02,56.85,138.35,0.42,-1,-1,-1
1054,13,86.04,275.96,45.20,120.95,0.58,-1,-1,-1
1055,9,184.51,242.30,50.90,131.05,0.51,-1,-1,-1
1055,11,118.31,318.24,62.71,132.07,0.20,-1,-1,-1
1055,10,159.55,266.24,59.81,121.33,0.37,-1,-1,-1
1055,13,86.64,278.28,52.41,120.39,0.58,-1,-1,-1
1056,9,186.57,240.11,51.06,133.04,0.70,-1,-1,-1
1056,10,160.08,273.31,65.40,113.08,0.34,-1,-1,-1
1056,13,89.15,279.58,51.67,116.57,0.51,-1,-1,-1
1057,9,188.02,248.92,53.49,125.87,0.73,-1,-1,-1
1057,10,162.26,266.22,61.93,116.39,0.16,-1,-1,-1
1057,13,92.06,280.32,50.41,115.66,0.58,-1,-1,-1
1057,14,115.86,288.51,59.72,115.47,0.47,-1,-1,-1
1058,9,188.62,247.01,56.28,129.53,0.76,-1,-1,-1
1058,10,167.39,262.86,56.61,119.49,0.18,-1,-1,-1
1058,13,101.84,281.47,59.22,117.52,0.51,-1,-1,-1
1059,9,188.68,247.78,60.08,130.83,0.76,-1,-1,-1
1059,13,109.05,287.65,52.52,109.50,0.44,-1,-1,-1
1059,15,99.81,284.20,38.85,111.98,0.61,-1,-1,-1
1059,11,135.81,288.62,66.64,165.52,0.34,-1,-1,-1
1060,9,184.61,258.24,64.16,121.36,0.68,-1,-1,-1
1060,13,104.61,283.65,48.86,112.22,0.59,-1,-1,-1
1060,11,128.94,296.55,83.93,161.21,0.61,-1,-1,-1
1061,9,197.07,245.05,66.94,131.84,0.62,-1,-1,-1
1061,13,105.42,282.14,41.11,107.87,0.44,-1,-1,-1
1061,11,132.99,305.48,83.62,152.12,0.47,-1,-1,-1
1061,16,125.90,290.24,40.89,99.91,0.43,-1,-1,-1
1061,10,180.94,262.60,62.08,117.10,0.64,-1,-1,-1
1062,9,205.15,241.04,68.49,130.30,0.60,-1,-1,-1
1062,13,106.55,276.96,39.79,94.37,0.35,-1,-1,-1
1062,11,135.30,313.04,85.26,144.93,0.44,-1,-1,-1
1062,10,182.79,261.93,60.89,118.40,0.66,-1,-1,-1
1062,17,129.67,287.06,53.68,112.27,0.42,-1,-1,-1
1063,9,209.42,240.78,75.25,129.16,0.63,-1,-1,-1
1063,13,106.62,277.74,44.40,107.67,0.40,-1,-1,-1
1063,11,141.45,302.81,67.53,126.62,0.51,-1,-1,-1
1063,10,182.83,263.42,61.39,116.53,0.66,-1,-1,-1
1064,9,211.89,240.34,76.85,126.65,0.68,-1,-1,-1
1064,13,116.93,277.00,47.72,111.47,0.42,-1,-1,-1
1064,11,145.69,313.17,74.66,135.77,0.42,-1,-1,-1
1064,10,181.51,265.55,63.31,113.05,0.54,-1,-1,-1
1065,9,215.20,238.36,74.44,125.36,0.68,-1,-1,-1
1065,13,123.77,277.52,47.27,113.96,0.52,-1,-1,-1
1065,11,147.86,307.47,75.41,147.50,0.34,-1,-1,-1
1065,10,182.60,266.81,62.94,112.25,0.60,-1,-1,-1
1066,9,218.45,237.31,69.59,130.67,0.68,-1,-1,-1
1066,13,121.08,275.94,52.91,115.32,0.52,-1,-1,-1
1066,11,150.61,315.38,77.31,142.23,0.37,-1,-1,-1
1066,10,182.65,264.72,62.39,113.12,0.51,-1,-1,-1
1067,9,222.48,236.24,64.29,124.80,0.57,-1,-1,-1
1067,13,128.46,272.56,49.08,119.54,0.50,-1,-1,-1
1067,11,151.92,288.18,79.46,172.46,0.30,-1,-1,-1
1067,10,179.73,264.73,63.95,116.83,0.48,-1,-1,-1
1067,18,206.60,281.37,47.84,100.71,0.42,-1,-1,-1
1068,9,227.45,236.87,59.81,118.70,0.55,-1,-1,-1
1068,13,132.82,272.50,43.37,121.07,0.58,-1,-1,-1
1068,10,180.47,263.14,63.37,140.77,0.37,-1,-1,-1
1068,18,209.99,279.55,44.64,103.12,0.39,-1,-1,-1
1069,9,231.96,236.10,57.59,124.33,0.64,-1,-1,-1
1069,13,134.07,273.62,40.99,120.96,0.57,-1,-1,-1
1069,18,212.13,273.12,46.69,111.08,0.47,-1,-1,-1
1069,11,168.56,271.05,69.72,182.00,0.42,-1,-1,-1
1070,9,233.28,234.38,55.31,135.08,0.64,-1,-1,-1
1070,13,142.71,273.74,43.33,117.51,0.56,-1,-1,-1
1071,9,237.84,234.02,48.82,133.59,0.56,-1,-1,-1
1071,13,143.45,271.05,47.55,122.00,0.62,-1,-1,-1
1072,9,240.71,233.16,47.08,127.89,0.65,-1,-1,-1
1072,13,145.58,271.83,47.10,123.91,0.36,-1,-1,-1
1073,9,243.87,233.46,46.43,126.19,0.65,-1,-1,-1
1073,13,150.58,271.32,42.54,111.22,0.33,-1,-1,-1
1073,18,216.41,270.82,51.02,104.33,0.29,-1,-1,-1
1074,9,245.88,233.82,47.10,126.91,0.60,-1,-1,-1
1074,13,155.77,271.63,38.72,101.12,0.34,-1,-1,-1
1074,18,220.05,265.58,52.19,107.10,0.21,-1,-1,-1
1075,9,250.11,233.93,47.86,126.44,0.61,-1,-1,-1
1075,13,156.84,271.34,42.86,106.05,0.44,-1,-1,-1
1075,11,184.04,327.65,84.45,130.49,0.67,-1,-1,-1
1076,9,249.40,235.37,64.34,129.25,0.66,-1,-1,-1
1076,13,155.41,271.06,48.84,117.14,0.46,-1,-1,-1
1076,11,183.49,304.18,87.09,155.16,0.38,-1,-1,-1
1076,18,228.03,256.09,47.48,111.66,0.25,-1,-1,-1
1077,9,250.02,237.46,68.08,128.64,0.49,-1,-1,-1
1077,13,155.60,270.71,47.00,121.25,0.48,-1,-1,-1
1077,11,189.22,293.33,79.95,164.07,0.38,-1,-1,-1
1077,18,230.68,253.63,50.19,115.88,0.46,-1,-1,-1
1078,9,256.46,237.65,71.52,125.14,0.61,-1,-1,-1
1078,13,157.52,272.20,45.15,120.03,0.54,-1,-1,-1
1078,11,195.32,314.08,75.46,142.19,0.31,-1,-1,-1
1078,18,230.39,255.02,49.57,113.78,0.38,-1,-1,-1
1079,9,261.49,238.31,72.56,123.74,0.72,-1,-1,-1
1079,13,159.76,271.40,42.64,121.00,0.51,-1,-1,-1
1079,18,239.39,256.26,48.60,113.08,0.54,-1,-1,-1
1079,10,193.33,296.59,60.16,144.13,0.43,-1,-1,-1
1080,9,265.48,239.35,69.39,123.27,0.70,-1,-1,-1
1080,13,165.01,270.80,45.29,126.64,0.68,-1,-1,-1
1080,18,243.52,256.86,47.85,111.77,0.51,-1,-1,-1
1080,10,199.14,283.67,54.19,167.42,0.35,-1,-1,-1
1081,9,271.86,240.07,63.79,122.04,0.69,-1,-1,-1
1081,13,169.04,270.66,46.37,130.87,0.66,-1,-1,-1
1081,18,246.63,253.77,48.02,116.08,0.52,-1,-1,-1
1081,10,203.85,296.08,49.45,146.87,0.43,-1,-1,-1
1082,9,274.84,239.75,60.62,122.81,0.69,-1,-1,-1
1082,13,174.41,270.65,44.75,131.90,0.69,-1,-1,-1
1082,18,248.16,252.95,49.84,119.67,0.54,-1,-1,-1
1082,10,207.87,298.87,40.96,123.27,0.36,-1,-1,-1
1083,9,276.98,239.48,56.96,125.54,0.70,-1,-1,-1
1083,13,179.36,271.74,42.33,129.45,0.67,-1,-1,-1
1083,18,250.13,255.25,53.19,118.47,0.55,-1,-1,-1
1083,11,219.70,313.44,61.15,139.80,0.36,-1,-1,-1
1084,9,280.35,237.30,53.58,127.76,0.75,-1,-1,-1
1084,13,182.90,270.13,46.69,132.53,0.79,-1,-1,-1
1084,18,250.38,255.84,55.55,117.92,0.56,-1,-1,-1
1084,11,224.81,307.23,57.54,144.69,0.41,-1,-1,-1
1085,9,279.62,237.84,53.28,131.03,0.70,-1,-1,-1
1085,13,183.72,269.91,52.65,132.60,0.77,-1,-1,-1
1085,18,255.51,253.33,52.76,119.33,0.14,-1,-1,-1
1086,9,277.77,237.96,56.48,132.90,0.64,-1,-1,-1
1086,13,189.79,271.63,50.98,128.27,0.76,-1,-1,-1
1086,11,234.27,316.73,51.73,137.44,0.36,-1,-1,-1
1087,9,283.41,235.14,52.68,133.89,0.64,-1,-1,-1
1087,13,193.68,270.91,55.83,128.16,0.59,-1,-1,-1
1087,11,235.89,321.43,53.96,130.74,0.42,-1,-1,-1
1087,18,257.43,255.98,67.41,118.20,0.38,-1,-1,-1
1088,9,287.74,234.01,52.04,137.28,0.58,-1,-1,-1
1088,13,195.25,273.72,53.10,102.82,0.63,-1,-1,-1
1088,11,234.38,327.66,62.24,125.15,0.48,-1,-1,-1
1088,18,261.11,254.85,60.39,110.65,0.32,-1,-1,-1
1089,9,284.80,235.64,60.39,137.09,0.57,-1,-1,-1
1089,13,198.55,272.32,51.68,92.13,0.49,-1,-1,-1
1089,18,264.20,253.94,55.79,107.31,0.17,-1,-1,-1
1090,9,294.93,235.32,58.16,126.23,0.58,-1,-1,-1
1090,13,203.74,273.14,45.67,88.34,0.45,-1,-1,-1
1090,18,270.84,259.90,56.90,109.87,0.48,-1,-1,-1
1090,11,230.78,299.91,82.01,153.74,0.44,-1,-1,-1
1091,9,301.12,235.30,63.01,126.45,0.52,-1,-1,-1
1091,13,209.84,275.69,38.51,81.39,0.32,-1,-1,-1
1091,18,273.58,261.13,54.27,111.83,0.51,-1,-1,-1
1091,11,234.83,333.53,82.40,118.98,0.11,-1,-1,-1
1092,9,307.75,238.99,63.71,117.12,0.61,-1,-1,-1
1092,13,212.69,272.60,46.53,87.98,0.36,-1,-1,-1
1092,18,274.90,259.30,55.61,115.01,0.59,-1,-1,-1
1093,9,311.06,234.69,55.83,115.05,0.52,-1,-1,-1
1093,13,216.36,273.47,44.82,92.91,0.50,-1,-1,-1
1093,18,277.86,267.72,52.79,107.76,0.38,-1,-1,-1
1094,9,314.46,233.10,51.84,116.79,0.59,-1,-1,-1
1094,13,218.73,271.47,45.34,97.53,0.49,-1,-1,-1
1094,18,282.12,270.54,50.62,104.58,0.23,-1,-1,-1
1095,9,318.46,232.85,54.32,126.33,0.56,-1,-1,-1
1095,13,223.34,273.31,46.44,111.12,0.69,-1,-1,-1
1095,18,285.06,268.42,48.93,109.87,0.57,-1,-1,-1
1096,9,320.31,230.54,55.26,129.35,0.64,-1,-1,-1
1096,13,225.99,271.46,50.77,115.44,0.65,-1,-1,-1
1096,18,284.24,264.25,53.74,113.08,0.56,-1,-1,-1
1097,9,323.47,228.15,50.78,120.31,0.56,-1,-1,-1
1097,13,228.86,271.01,48.21,117.82,0.61,-1,-1,-1
1097,18,287.37,258.66,54.45,116.60,0.48,-1,-1,-1
1098,9,323.50,228.13,51.44,119.98,0.56,-1,-1,-1
1098,13,233.27,269.40,48.38,117.13,0.59,-1,-1,-1
1098,18,289.86,263.31,64.60,110.17,0.24,-1,-1,-1
1099,9,327.24,225.61,49.38,126.44,0.55,-1,-1,-1
1099,13,236.56,265.77,47.12,121.03,0.59,-1,-1,-1
1099,18,291.43,272.51,68.21,96.36,0.21,-1,-1,-1
1100,9,325.99,224.76,52.13,125.11,0.47,-1,-1,-1
1100,13,240.63,267.03,45.53,114.97,0.55,-1,-1,-1
1100,18,290.76,272.56,77.36,94.75,0.11,-1,-1,-1
1101,9,334.31,224.39,48.69,120.27,0.63,-1,-1,-1
1101,13,243.91,268.46,49.94,117.59,0.70,-1,-1,-1
1101,18,297.92,275.36,74.12,93.08,0.24,-1,-1,-1
1102,9,337.33,224.52,49.94,120.43,0.69,-1,-1,-1
1102,13,247.10,269.05,51.30,112.26,0.64,-1,-1,-1
1102,18,302.81,274.02,70.25,94.80,0.28,-1,-1,-1
1103,9,341.71,224.78,49.45,120.35,0.71,-1,-1,-1
1103,13,248.55,267.17,52.93,112.22,0.56,-1,-1,-1
1103,18,308.62,277.41,66.34,92.23,0.21,-1,-1,-1
1104,9,344.13,226.53,51.86,120.11,0.64,-1,-1,-1
1104,13,253.73,265.84,47.76,111.17,0.46,-1,-1,-1
1104,18,311.71,277.98,63.33,93.21,0.46,-1,-1,-1
1105,9,349.43,226.69,50.34,122.27,0.75,-1,-1,-1
1105,13,260.35,265.53,41.52,95.26,0.49,-1,-1,-1
1105,18,314.82,265.54,60.66,105.35,0.63,-1,-1,-1
1106,9,354.93,228.49,47.85,119.38,0.75,-1,-1,-1
1106,13,263.53,265.66,46.35,108.33,0.49,-1,-1,-1
1106,18,316.97,256.35,58.23,108.62,0.64,-1,-1,-1
1107,9,361.20,230.64,57.77,125.31,0.75,-1,-1,-1
1107,13,267.36,265.10,44.91,117.69,0.59,-1,-1,-1
1107,18,318.32,251.65,55.80,117.35,0.76,-1,-1,-1
1108,9,363.84,232.56,63.58,127.40,0.74,-1,-1,-1
1108,13,269.78,267.55,44.10,121.87,0.66,-1,-1,-1
1108,18,318.84,249.04,57.94,122.71,0.74,-1,-1,-1
1109,9,368.05,234.25,63.23,125.96,0.77,-1,-1,-1
1109,13,275.46,266.07,40.07,126.86,0.72,-1,-1,-1
1109,18,325.44,243.97,52.75,123.21,0.62,-1,-1,-1
1110,9,371.69,234.56,61.73,124.72,0.80,-1,-1,-1
1110,13,277.17,266.01,43.14,129.48,0.75,-1,-1,-1
1110,18,330.45,243.57,53.93,122.56,0.63,-1,-1,-1
1111,9,373.57,233.83,60.64,124.80,0.80,-1,-1,-1
1111,13,281.10,264.69,44.07,131.76,0.78,-1,-1,-1
1111,18,327.19,244.32,59.97,121.22,0.57,-1,-1,-1
1112,9,375.00,233.17,59.24,124.78,0.79,-1,-1,-1
1112,13,284.00,263.33,45.30,133.39,0.82,-1,-1,-1
1112,18,327.76,246.04,58.84,129.04,0.45,-1,-1,-1
1113,9,379.91,233.60,53.26,124.85,0.71,-1,-1,-1
1113,13,289.05,265.45,44.11,131.54,0.83,-1,-1,-1
1113,18,334.99,248.39,57.77,133.84,0.41,-1,-1,-1
1114,9,384.22,233.03,49.64,127.53,0.68,-1,-1,-1
1114,13,291.17,266.94,48.14,131.44,0.78,-1,-1,-1
1114,18,334.79,250.04,61.04,146.36,0.68,-1,-1,-1
1115,9,386.34,231.85,49.52,126.54,0.75,-1,-1,-1
1115,13,295.25,265.20,49.48,133.96,0.59,-1,-1,-1
1115,18,338.01,252.09,57.77,146.93,0.61,-1,-1,-1
1116,9,387.96,231.04,51.14,121.88,0.68,-1,-1,-1
1116,13,300.01,261.92,47.68,133.59,0.50,-1,-1,-1
1116,18,337.57,254.03,65.62,143.36,0.68,-1,-1,-1
1117,9,391.46,229.56,51.12,121.89,0.68,-1,-1,-1
1117,13,303.63,260.55,50.44,133.99,0.61,-1,-1,-1
1117,18,341.69,252.91,72.07,139.37,0.45,-1,-1,-1
1118,9,395.95,230.71,52.25,127.15,0.74,-1,-1,-1
1118,13,305.62,260.71,50.70,127.15,0.65,-1,-1,-1
1118,18,348.82,253.50,67.34,129.67,0.52,-1,-1,-1
1119,9,400.91,231.32,52.03,130.86,0.73,-1,-1,-1
1119,13,307.69,260.84,55.28,126.65,0.77,-1,-1,-1
1119,18,354.48,252.29,67.93,113.75,0.48,-1,-1,-1
1120,9,402.78,231.58,58.92,128.24,0.81,-1,-1,-1
1120,13,310.87,259.78,55.46,132.05,0.77,-1,-1,-1
1120,18,357.67,252.80,64.93,103.28,0.57,-1,-1,-1
1121,9,406.50,230.12,62.28,127.21,0.81,-1,-1,-1
1121,13,314.06,263.58,52.64,126.59,0.77,-1,-1,-1
1121,18,368.19,254.87,55.92,94.10,0.45,-1,-1,-1
1122,9,409.05,229.31,70.10,131.03,0.74,-1,-1,-1
1122,13,317.76,261.56,54.13,130.39,0.77,-1,-1,-1
1122,18,372.55,254.41,52.18,95.83,0.56,-1,-1,-1
1123,9,413.72,230.35,72.50,128.59,0.68,-1,-1,-1
1123,13,320.24,261.71,55.28,129.62,0.66,-1,-1,-1
1123,18,374.43,252.38,52.18,103.84,0.57,-1,-1,-1
1124,9,418.28,230.64,66.80,129.01,0.61,-1,-1,-1
1124,13,323.18,258.37,55.73,133.79,0.65,-1,-1,-1
1124,18,376.09,251.40,53.37,102.57,0.61,-1,-1,-1
1125,9,424.33,228.94,61.51,132.87,0.74,-1,-1,-1
1125,13,326.95,261.49,55.52,139.90,0.71,-1,-1,-1
1125,18,380.24,251.86,52.64,97.69,0.61,-1,-1,-1
1126,9,428.06,227.81,56.43,135.39,0.73,-1,-1,-1
1126,13,331.26,261.20,53.53,140.32,0.71,-1,-1,-1
1126,18,383.56,251.87,54.75,100.64,0.56,-1,-1,-1
1127,9,432.02,227.00,51.75,136.38,0.73,-1,-1,-1
1127,13,334.81,265.36,50.90,133.46,0.74,-1,-1,-1
1127,18,384.82,251.77,58.98,108.05,0.62,-1,-1,-1
1128,9,432.61,229.72,49.52,141.39,0.69,-1,-1,-1
1128,13,339.21,263.83,51.36,129.82,0.81,-1,-1,-1
1128,18,388.63,249.76,65.00,119.02,0.53,-1,-1,-1
1129,9,432.03,229.96,50.40,143.96,0.69,-1,-1,-1
1129,13,343.27,264.85,48.47,123.03,0.76,-1,-1,-1
1129,18,390.52,254.02,65.05,108.07,0.26,-1,-1,-1
1130,9,434.15,231.88,49.63,141.31,0.69,-1,-1,-1
1130,13,347.70,266.24,45.98,120.89,0.66,-1,-1,-1
1130,18,400.23,254.48,64.22,109.84,0.56,-1,-1,-1
1131,9,437.57,230.03,50.76,137.14,0.65,-1,-1,-1
1131,13,351.14,263.19,48.66,131.64,0.65,-1,-1,-1
1131,18,405.48,256.79,60.77,111.42,0.57,-1,-1,-1
1132,9,444.76,226.42,48.25,134.42,0.74,-1,-1,-1
1132,13,354.40,260.67,49.07,125.03,0.39,-1,-1,-1
1132,18,403.98,257.73,62.86,111.26,0.58,-1,-1,-1
1133,9,450.45,224.42,45.12,139.09,0.77,-1,-1,-1
1133,13,356.47,260.04,51.89,120.23,0.55,-1,-1,-1
1133,18,404.41,256.64,61.60,112.19,0.54,-1,-1,-1
1134,9,457.13,225.57,46.23,137.63,0.66,-1,-1,-1
1134,13,360.05,261.00,48.92,99.55,0.58,-1,-1,-1
1134,18,406.61,255.26,60.49,107.26,0.65,-1,-1,-1
1135,9,462.75,226.40,42.83,130.46,0.72,-1,-1,-1
1135,13,366.28,260.11,44.74,92.01,0.51,-1,-1,-1
1135,18,411.75,256.77,59.34,116.68,0.66,-1,-1,-1
1136,9,466.08,229.19,39.80,121.88,0.67,-1,-1,-1
1136,13,369.38,260.70,46.82,95.35,0.66,-1,-1,-1
1136,18,416.38,256.55,56.45,113.83,0.69,-1,-1,-1
1137,9,468.72,231.24,40.65,111.07,0.70,-1,-1,-1
1137,13,372.62,260.84,47.81,93.04,0.69,-1,-1,-1
1137,18,420.85,260.81,52.44,118.06,0.65,-1,-1,-1
1138,9,471.97,230.89,40.74,104.36,0.62,-1,-1,-1
1138,13,379.53,262.14,43.26,100.17,0.65,-1,-1,-1
1138,18,422.56,266.24,51.28,117.11,0.54,-1,-1,-1
1139,9,473.46,232.54,45.15,103.39,0.70,-1,-1,-1
1139,13,385.28,261.69,43.31,112.69,0.68,-1,-1,-1
1139,18,429.72,261.05,52.33,112.67,0.44,-1,-1,-1
1140,9,476.96,232.53,47.79,104.26,0.64,-1,-1,-1
1140,13,389.12,260.73,42.44,100.48,0.65,-1,-1,-1
1140,18,435.23,256.78,51.30,95.12,0.57,-1,-1,-1
1141,9,482.22,232.71,47.03,105.74,0.65,-1,-1,-1
1141,13,391.98,260.26,41.65,98.02,0.69,-1,-1,-1
1141,18,433.53,256.15,61.29,114.61,0.71,-1,-1,-1
1142,9,490.32,232.47,42.49,106.13,0.73,-1,-1,-1
1142,13,396.29,261.66,41.07,94.11,0.54,-1,-1,-1
1142,18,439.88,256.64,59.93,114.88,0.54,-1,-1,-1
1142,19,430.60,292.35,42.25,86.46,0.48,-1,-1,-1
1143,9,492.95,233.18,42.80,107.91,0.73,-1,-1,-1
1143,13,402.16,261.90,40.47,98.08,0.61,-1,-1,-1
1143,18,444.00,257.52,61.89,114.13,0.63,-1,-1,-1
1144,9,495.69,232.79,44.35,112.72,0.64,-1,-1,-1
1144,13,406.22,260.20,42.32,101.50,0.68,-1,-1,-1
1144,18,444.01,256.73,67.54,116.48,0.62,-1,-1,-1
1145,9,497.58,230.64,47.88,104.54,0.68,-1,-1,-1
1145,13,408.72,259.00,44.76,106.75,0.67,-1,-1,-1
1145,18,445.76,258.77,69.30,111.66,0.52,-1,-1,-1
1146,9,500.41,227.72,47.35,105.36,0.71,-1,-1,-1
1146,13,410.82,259.42,46.54,114.59,0.65,-1,-1,-1
1146,18,462.82,258.31,54.63,102.33,0.46,-1,-1,-1
1147,9,504.55,227.22,43.93,104.20,0.73,-1,-1,-1
1147,13,414.49,259.04,47.14,117.79,0.66,-1,-1,-1
1147,18,470.29,255.93,47.38,89.10,0.58,-1,-1,-1
1148,9,508.40,227.58,42.49,102.89,0.67,-1,-1,-1
1148,13,416.27,258.41,51.43,122.77,0.78,-1,-1,-1
1148,18,472.85,258.29,45.72,75.95,0.59,-1,-1,-1
1149,9,509.70,226.74,42.54,102.83,0.64,-1,-1,-1
1149,13,416.83,258.12,53.33,122.67,0.73,-1,-1,-1
1149,18,473.27,258.39,51.26,73.18,0.66,-1,-1,-1
1150,9,513.40,226.30,41.36,99.16,0.74,-1,-1,-1
1150,13,418.36,259.73,55.43,122.53,0.67,-1,-1,-1
1150,18,476.46,257.13,51.28,73.43,0.63,-1,-1,-1
1151,9,517.20,226.44,40.63,97.21,0.67,-1,-1,-1
1151,13,422.48,261.54,54.26,121.82,0.67,-1,-1,-1
1151,18,482.68,254.48,46.59,76.47,0.41,-1,-1,-1
1152,9,520.34,226.29,50.26,97.35,0.59,-1,-1,-1
1152,13,427.01,261.90,53.50,123.49,0.72,-1,-1,-1
1152,18,486.16,258.19,47.88,72.88,0.18,-1,-1,-1
1153,9,523.23,226.27,56.40,106.83,0.58,-1,-1,-1
1153,13,431.05,265.23,49.38,121.61,0.75,-1,-1,-1
1154,9,525.75,226.01,57.49,102.48,0.42,-1,-1,-1
1154,13,434.74,264.10,56.41,121.66,0.78,-1,-1,-1
1155,9,531.40,225.65,54.83,115.81,0.61,-1,-1,-1
1155,13,436.88,266.87,53.31,120.31,0.82,-1,-1,-1
1155,18,500.59,255.87,46.59,81.23,0.33,-1,-1,-1
1156,9,527.00,224.75,60.05,121.36,0.66,-1,-1,-1
1156,13,439.20,267.36,55.48,117.39,0.76,-1,-1,-1
1157,9,533.76,224.04,54.31,127.97,0.69,-1,-1,-1
1157,13,443.46,265.50,55.84,114.77,0.73,-1,-1,-1
1158,9,540.73,223.94,46.83,128.78,0.65,-1,-1,-1
1158,13,449.53,264.84,52.37,104.66,0.66,-1,-1,-1
1159,9,542.17,222.86,47.50,131.14,0.68,-1,-1,-1
1159,13,453.35,265.18,53.60,104.82,0.72,-1,-1,-1
1160,9,545.56,221.71,48.63,136.40,0.70,-1,-1,-1
1160,13,456.90,265.36,51.13,106.14,0.63,-1,-1,-1
1161,9,546.60,221.97,50.19,132.44,0.72,-1,-1,-1
1161,13,461.93,265.15,49.06,107.46,0.55,-1,-1,-1
1162,9,550.12,222.34,49.34,137.69,0.63,-1,-1,-1
1162,13,465.34,265.05,50.70,100.80,0.63,-1,-1,-1
1163,9,550.04,222.72,54.66,136.97,0.64,-1,-1,-1
1163,13,470.71,263.26,48.32,100.56,0.59,-1,-1,-1
1164,9,555.11,222.43,54.31,135.82,0.72,-1,-1,-1
1164,13,472.25,262.97,49.42,100.30,0.59,-1,-1,-1
1165,9,557.52,223.63,61.21,136.24,0.79,-1,-1,-1
1165,13,474.03,260.97,50.54,106.65,0.62,-1,-1,-1
1166,9,557.43,223.91,72.35,135.09,0.82,-1,-1,-1
1166,13,479.81,261.33,48.11,109.90,0.65,-1,-1,-1
1167,9,559.72,227.20,76.23,130.87,0.78,-1,-1,-1
1167,13,484.95,263.30,46.98,93.72,0.50,-1,-1,-1
1168,9,563.10,227.29,78.16,131.84,0.62,-1,-1,-1
1168,13,492.48,265.32,42.46,91.70,0.68,-1,-1,-1
1169,9,571.55,227.75,74.58,136.63,0.63,-1,-1,-1
1169,13,497.83,265.22,42.32,90.37,0.69,-1,-1,-1
1170,9,581.31,230.06,62.29,137.91,0.68,-1,-1,-1
1170,13,501.87,266.60,40.90,82.55,0.68,-1,-1,-1
1171,9,588.97,230.10,53.32,134.92,0.72,-1,-1,-1
1171,13,505.76,267.01,36.70,79.67,0.56,-1,-1,-1
1172,9,593.49,232.11,52.09,138.74,0.69,-1,-1,-1
1172,13,511.97,268.01,34.11,75.24,0.56,-1,-1,-1
1173,9,596.85,232.79,52.11,137.93,0.59,-1,-1,-1
1173,13,517.19,270.74,28.72,65.53,0.51,-1,-1,-1
1174,9,597.90,230.70,50.98,143.57,0.73,-1,-1,-1
1174,13,520.19,264.25,32.97,67.39,0.49,-1,-1,-1
1175,9,599.20,229.22,50.42,147.25,0.68,-1,-1,-1
1176,9,604.97,226.84,47.37,119.29,0.54,-1,-1,-1
1176,20,582.48,324.89,80.86,133.74,0.47,-1,-1,-1
1177,9,605.05,239.57,50.06,126.03,0.48,-1,-1,-1
1178,9,598.20,229.85,65.32,195.24,0.62,-1,-1,-1
1179,9,600.79,235.66,66.43,212.10,0.68,-1,-1,-1
1179,13,541.03,262.85,42.72,92.43,0.49,-1,-1,-1
1180,9,592.08,245.00,77.84,210.91,0.77,-1,-1,-1
1180,13,543.36,262.05,43.46,98.51,0.36,-1,-1,-1
1181,9,590.24,282.52,79.90,175.58,0.54,-1,-1,-1
1181,13,548.72,274.52,45.32,89.43,0.23,-1,-1,-1
1181,21,622.78,227.74,60.90,121.07,0.50,-1,-1,-1
1182,9,589.98,307.85,82.15,148.70,0.63,-1,-1,-1
1182,13,551.97,273.28,47.12,91.95,0.40,-1,-1,-1
1182,21,626.04,228.23,65.60,126.99,0.65,-1,-1,-1
1183,9,590.49,306.13,84.81,151.38,0.66,-1,-1,-1
1183,13,554.38,270.25,44.80,94.70,0.22,-1,-1,-1
1183,21,630.37,226.64,58.01,124.50,0.61,-1,-1,-1
1184,9,592.59,319.76,85.22,139.00,0.37,-1,-1,-1
1184,13,557.52,268.70,47.30,100.99,0.35,-1,-1,-1
1184,21,635.14,226.42,51.08,122.34,0.46,-1,-1,-1
1185,13,559.42,266.91,48.69,106.44,0.53,-1,-1,-1
1185,21,633.03,226.26,58.86,158.60,0.47,-1,-1,-1
1186,13,562.50,266.81,52.19,124.36,0.61,-1,-1,-1
1186,21,639.43,228.13,54.39,163.30,0.41,-1,-1,-1
1187,13,565.09,265.33,53.86,131.50,0.60,-1,-1,-1
1187,21,641.88,227.72,54.83,161.27,0.58,-1,-1,-1
1188,13,573.86,267.45,47.97,132.13,0.61,-1,-1,-1
1188,21,648.57,226.15,51.21,159.23,0.56,-1,-1,-1
1188,22,641.93,331.82,50.26,127.04,0.51,-1,-1,-1
1188,23,623.50,318.62,46.80,133.65,0.48,-1,-1,-1
1189,13,580.42,267.58,43.85,130.24,0.71,-1,-1,-1
1189,21,657.07,227.97,47.19,153.80,0.36,-1,-1,-1
1189,22,648.47,342.58,44.15,112.89,0.56,-1,-1,-1
1189,24,621.64,270.24,52.82,123.66,0.46,-1,-1,-1
1190,13,584.80,266.13,43.04,132.40,0.64,-1,-1,-1
1190,21,662.40,226.71,43.66,132.08,0.34,-1,-1,-1
1190,22,644.78,338.91,56.94,115.32,0.55,-1,-1,-1
1190,24,622.47,273.89,49.33,128.44,0.45,-1,-1,-1
1191,13,587.11,271.05,43.64,128.37,0.71,-1,-1,-1
1191,21,668.64,227.64,41.87,118.75,0.37,-1,-1,-1
1191,22,643.89,313.58,68.58,141.10,0.58,-1,-1,-1
1191,24,625.52,286.22,47.48,122.87,0.51,-1,-1,-1
1192,13,589.38,272.56,44.54,127.38,0.74,-1,-1,-1
1192,21,669.15,226.33,44.46,112.93,0.23,-1,-1,-1
1192,22,642.78,260.69,78.03,194.06,0.68,-1,-1,-1
1192,24,629.39,290.92,47.54,125.64,0.51,-1,-1,-1
1193,13,594.57,265.93,43.93,136.87,0.78,-1,-1,-1
1193,21,667.64,229.94,44.92,106.51,0.24,-1,-1,-1
1193,22,648.08,235.33,78.26,219.56,0.59,-1,-1,-1
1193,24,630.98,298.32,51.66,117.97,0.38,-1,-1,-1
1194,13,599.02,264.11,44.49,138.99,0.81,-1,-1,-1
1194,21,672.82,229.78,41.73,76.97,0.10,-1,-1,-1
1194,22,648.61,241.95,80.35,211.93,0.77,-1,-1,-1
1194,24,632.17,293.78,54.20,125.57,0.42,-1,-1,-1
1195,13,602.86,260.70,44.41,144.24,0.79,-1,-1,-1
1195,22,642.77,265.09,90.26,190.79,0.72,-1,-1,-1
1195,24,631.46,286.84,55.41,133.58,0.29,-1,-1,-1
1196,13,604.96,259.63,46.13,143.55,0.82,-1,-1,-1
1196,22,639.19,275.89,96.21,180.41,0.61,-1,-1,-1
1196,25,1.21,326.08,40.90,119.38,0.41,-1,-1,-1
1197,13,608.55,260.95,45.51,140.40,0.80,-1,-1,-1
1197,22,636.73,309.46,93.95,144.56,0.54,-1,-1,-1
1197,25,1.21,326.60,44.51,118.46,0.37,-1,-1,-1
1198,13,611.28,268.60,45.92,132.03,0.80,-1,-1,-1
1198,22,634.54,331.66,94.85,122.13,0.56,-1,-1,-1
1198,25,0.69,330.59,51.73,114.30,0.46,-1,-1,-1
1199,13,612.87,272.45,47.44,127.88,0.85,-1,-1,-1
1199,22,670.71,331.60,66.41,117.21,0.57,-1,-1,-1
1199,25,0.62,330.77,52.25,113.07,0.57,-1,-1,-1
1199,26,702.19,242.10,45.50,118.21,0.47,-1,-1,-1
1200,13,614.53,273.02,50.12,126.16,0.73,-1,-1,-1
1200,22,687.01,268.63,59.13,178.35,0.48,-1,-1,-1
1200,25,0.81,330.78,58.48,114.65,0.62,-1,-1,-1
1201,13,612.09,269.15,57.96,130.82,0.75,-1,-1,-1
1201,22,676.31,244.95,74.10,201.28,0.60,-1,-1,-1
1201,25,0.31,332.69,62.60,113.72,0.75,-1,-1,-1
1202,13,613.86,267.93,63.36,130.52,0.80,-1,-1,-1
1202,22,674.90,255.00,66.62,161.29,0.53,-1,-1,-1
1202,25,0.24,334.02,63.82,110.77,0.78,-1,-1,-1
1202,27,705.85,315.43,44.04,133.36,0.47,-1,-1,-1
1203,13,617.37,270.64,62.99,126.57,0.82,-1,-1,-1
1203,22,676.59,269.02,56.88,134.00,0.47,-1,-1,-1
1203,25,1.35,332.83,64.41,111.69,0.54,-1,-1,-1
1203,27,706.68,324.16,47.70,126.64,0.59,-1,-1,-1
1203,28,717.51,242.36,42.30,124.80,0.58,-1,-1,-1
1204,13,622.46,271.49,60.03,124.16,0.81,-1,-1,-1
1204,22,681.41,259.76,52.35,126.50,0.45,-1,-1,-1
1204,25,0.99,332.93,67.17,112.56,0.28,-1,-1,-1
1204,27,697.45,327.67,58.45,120.08,0.65,-1,-1,-1
1204,28,719.20,236.80,43.44,124.56,0.54,-1,-1,-1
1205,13,626.28,270.23,59.61,124.94,0.75,-1,-1,-1
1205,27,694.82,321.52,64.93,125.17,0.60,-1,-1,-1
1205,28,719.47,233.06,46.61,107.03,0.50,-1,-1,-1
1206,13,632.60,270.69,58.54,121.58,0.69,-1,-1,-1
1206,27,691.37,290.51,76.68,157.42,0.56,-1,-1,-1
1206,28,722.54,229.62,47.61,115.88,0.48,-1,-1,-1
1207,13,634.95,270.18,61.47,122.52,0.76,-1,-1,-1
1207,27,687.80,274.21,72.75,161.42,0.44,-1,-1,-1
1207,28,728.07,239.71,47.51,114.24,0.40,-1,-1,-1
1207,29,709.39,250.51,70.23,192.78,0.46,-1,-1,-1
1208,13,637.26,269.88,62.90,123.21,0.73,-1,-1,-1
1208,27,693.94,256.77,81.90,184.51,0.47,-1,-1,-1
1208,28,731.67,248.05,47.77,110.76,0.39,-1,-1,-1
1208,25,11.34,331.21,58.66,118.36,0.35,-1,-1,-1
1209,13,640.02,270.48,62.07,126.39,0.71,-1,-1,-1
1209,27,694.98,246.31,92.82,196.90,0.75,-1,-1,-1
1209,25,16.70,330.73,56.78,117.72,0.38,-1,-1,-1
1210,13,641.63,271.94,62.44,122.08,0.63,-1,-1,-1
1210,27,692.23,254.03,98.22,188.84,0.68,-1,-1,-1
1210,28,738.60,235.30,48.92,105.47,0.35,-1,-1,-1
1211,13,644.84,271.28,62.51,117.12,0.70,-1,-1,-1
1211,27,704.45,275.49,90.21,166.75,0.65,-1,-1,-1
1211,28,741.43,241.15,47.34,96.44,0.23,-1,-1,-1
1211,25,20.48,328.77,73.52,118.96,0.75,-1,-1,-1
1212,13,648.14,273.32,64.26,113.64,0.73,-1,-1,-1
1212,27,715.80,302.35,81.90,137.50,0.68,-1,-1,-1
1212,28,750.80,235.48,43.73,102.75,0.55,-1,-1,-1
1212,25,24.88,329.33,77.58,118.25,0.54,-1,-1,-1
1212,30,702.94,283.61,68.34,139.36,0.47,-1,-1,-1
1213,13,649.02,274.35,67.86,109.36,0.77,-1,-1,-1
1213,27,733.32,298.33,70.74,142.97,0.51,-1,-1,-1
1213,28,753.71,230.10,45.30,105.33,0.45,-1,-1,-1
1213,25,29.00,330.53,79.47,116.43,0.55,-1,-1,-1
1213,30,706.26,276.91,66.78,144.08,0.50,-1,-1,-1
1214,13,650.18,273.66,69.88,108.37,0.77,-1,-1,-1
1214,27,744.74,301.83,62.88,139.65,0.71,-1,-1,-1
1214,28,762.76,227.89,39.98,102.54,0.40,-1,-1,-1
1214,25,31.98,330.95,79.07,115.88,0.61,-1,-1,-1
1214,30,718.24,271.84,55.83,113.20,0.54,-1,-1,-1
1215,13,650.38,274.32,73.35,108.28,0.77,-1,-1,-1
1215,27,749.58,292.60,59.97,147.78,0.58,-1,-1,-1
1215,28,764.60,227.27,41.03,111.28,0.43,-1,-1,-1
1215,25,35.18,327.94,79.66,118.47,0.76,-1,-1,-1
1215,30,719.90,269.73,58.89,141.04,0.54,-1,-1,-1
1216,13,653.76,275.27,71.77,106.98,0.81,-1,-1,-1
1216,27,753.06,295.13,60.05,145.04,0.73,-1,-1,-1
1216,28,768.33,227.15,41.46,108.77,0.56,-1,-1,-1
1216,25,38.70,324.98,77.90,120.47,0.83,-1,-1,-1
1216,30,725.23,269.15,55.11,138.94,0.65,-1,-1,-1
1217,13,656.76,275.75,72.54,106.02,0.86,-1,-1,-1
1217,27,758.59,300.67,56.64,137.99,0.73,-1,-1,-1
1217,28,767.95,226.92,43.92,107.93,0.62,-1,-1,-1
1217,25,43.22,325.46,74.96,120.30,0.86,-1,-1,-1
1217,30,731.41,276.05,48.63,121.97,0.58,-1,-1,-1
1218,13,660.17,275.70,71.81,106.49,0.81,-1,-1,-1
1218,27,761.79,303.85,55.81,133.90,0.76,-1,-1,-1
1218,28,771.45,226.02,44.69,102.17,0.51,-1,-1,-1
1218,25,46.34,325.80,71.08,118.40,0.85,-1,-1,-1
1218,30,736.52,280.28,56.12,141.45,0.80,-1,-1,-1
1219,13,662.27,275.31,71.62,107.54,0.80,-1,-1,-1
1219,27,764.32,300.06,55.96,139.03,0.79,-1,-1,-1
1219,28,771.18,224.19,48.56,96.92,0.48,-1,-1,-1
1219,25,49.33,325.23,68.12,118.05,0.76,-1,-1,-1
1219,30,741.62,284.82,57.29,144.42,0.70,-1,-1,-1
1220,13,664.31,275.06,70.36,108.72,0.74,-1,-1,-1
1220,27,762.59,296.29,61.33,143.08,0.75,-1,-1,-1
1220,28,774.73,228.41,47.93,93.70,0.30,-1,-1,-1
1220,25,52.48,323.56,65.22,117.20,0.68,-1,-1,-1
1220,30,740.87,283.55,59.23,137.53,0.42,-1,-1,-1
1221,13,666.55,274.87,71.37,110.58,0.66,-1,-1,-1
1221,27,764.98,309.05,64.30,129.58,0.72,-1,-1,-1
1221,28,774.37,227.15,52.21,96.47,0.42,-1,-1,-1
1221,25,54.86,322.47,64.33,118.86,0.85,-1,-1,-1
1221,30,742.08,278.74,59.29,135.67,0.53,-1,-1,-1
1222,13,668.94,274.41,75.84,111.54,0.75,-1,-1,-1
1222,27,761.08,292.11,73.56,147.23,0.67,-1,-1,-1
1222,28,785.29,226.51,43.50,80.75,0.41,-1,-1,-1
1222,25,57.24,321.30,62.57,120.13,0.74,-1,-1,-1
1222,30,742.40,278.51,62.56,142.48,0.67,-1,-1,-1
1223,13,675.12,274.51,72.83,111.93,0.76,-1,-1,-1
1223,27,763.39,294.81,75.47,143.76,0.57,-1,-1,-1
1223,28,794.47,227.29,38.60,80.27,0.45,-1,-1,-1
1223,25,60.42,319.03,61.81,122.15,0.60,-1,-1,-1
1223,30,742.07,270.17,69.26,151.17,0.68,-1,-1,-1
1224,13,679.50,273.04,69.61,112.90,0.84,-1,-1,-1
1224,27,768.69,296.56,73.64,140.47,0.65,-1,-1,-1
1224,28,795.00,228.35,39.36,69.01,0.33,-1,-1,-1
1224,30,742.52,269.92,74.52,151.96,0.62,-1,-1,-1
1225,13,683.69,271.82,69.10,113.24,0.84,-1,-1,-1
1225,27,776.65,312.47,69.11,122.25,0.45,-1,-1,-1
1225,28,802.73,228.35,35.77,80.80,0.34,-1,-1,-1
1225,30,744.93,267.89,76.29,156.39,0.66,-1,-1,-1
1226,13,689.26,271.71,67.50,112.53,0.78,-1,-1,-1
1226,27,781.70,291.26,66.74,140.41,0.44,-1,-1,-1
1226,28,809.37,230.96,32.06,75.38,0.35,-1,-1,-1
1226,30,749.07,269.74,76.59,156.41,0.63,-1,-1,-1
1226,25,70.55,319.36,63.97,119.50,0.35,-1,-1,-1
1227,13,694.61,271.86,60.38,112.73,0.82,-1,-1,-1
1227,27,791.84,295.70,61.72,134.08,0.42,-1,-1,-1
1227,28,811.34,231.06,33.33,76.14,0.36,-1,-1,-1
1227,30,758.53,274.60,75.29,152.78,0.61,-1,-1,-1
1227,25,72.14,320.51,69.13,116.99,0.65,-1,-1,-1
1228,13,699.72,270.83,57.41,115.40,0.81,-1,-1,-1
1228,27,807.85,287.08,49.59,137.26,0.16,-1,-1,-1
1228,28,807.43,231.19,41.77,77.16,0.37,-1,-1,-1
1228,30,760.52,276.42,80.53,151.07,0.69,-1,-1,-1
1228,25,74.80,320.99,69.29,113.89,0.78,-1,-1,-1
1229,13,702.96,269.47,57.32,117.97,0.78,-1,-1,-1
1229,27,810.60,291.33,48.66,133.25,0.19,-1,-1,-1
1229,28,816.58,233.75,37.85,73.46,0.31,-1,-1,-1
1229,30,768.72,275.64,74.90,153.65,0.71,-1,-1,-1
1229,25,78.91,321.83,66.80,112.32,0.80,-1,-1,-1
1230,13,707.00,268.97,56.91,116.83,0.77,-1,-1,-1
1230,27,822.31,287.45,42.50,134.48,0.50,-1,-1,-1
1230,28,823.98,237.35,32.54,65.46,0.31,-1,-1,-1
1230,30,773.07,274.92,70.12,150.71,0.73,-1,-1,-1
1230,25,83.29,321.87,60.93,111.40,0.74,-1,-1,-1
1231,13,708.22,267.80,59.77,118.06,0.73,-1,-1,-1
1231,27,826.57,287.95,42.98,132.94,0.55,-1,-1,-1
1231,28,825.14,238.59,33.92,64.82,0.35,-1,-1,-1
1231,30,782.68,275.28,63.57,140.69,0.69,-1,-1,-1
1231,25,86.54,321.34,64.10,111.25,0.80,-1,-1,-1
1232,13,709.03,264.92,67.17,120.92,0.81,-1,-1,-1
1232,27,828.44,290.22,44.78,133.97,0.65,-1,-1,-1
1232,28,834.10,239.49,27.45,52.45,0.15,-1,-1,-1
1232,30,786.85,276.43,64.63,143.27,0.67,-1,-1,-1
1232,25,88.65,321.75,64.97,110.83,0.81,-1,-1,-1
1233,13,709.15,264.43,71.61,121.25,0.85,-1,-1,-1
1233,27,826.74,294.91,48.83,129.71,0.69,-1,-1,-1
1233,28,830.48,239.80,35.77,61.98,0.57,-1,-1,-1
1233,30,789.44,279.74,62.17,139.78,0.70,-1,-1,-1
1233,25,91.36,320.93,63.48,112.16,0.77,-1,-1,-1
1234,13,709.44,261.63,75.69,124.69,0.87,-1,-1,-1
1234,27,825.83,297.85,54.14,128.95,0.77,-1,-1,-1
1234,28,831.25,239.21,37.18,66.89,0.40,-1,-1,-1
1234,30,790.14,276.81,60.49,137.49,0.63,-1,-1,-1
1234,25,94.99,319.93,59.31,113.92,0.55,-1,-1,-1
1235,13,709.86,261.33,78.42,124.57,0.84,-1,-1,-1
1235,27,818.80,297.16,65.98,130.31,0.68,-1,-1,-1
1235,28,834.81,238.81,36.30,72.97,0.31,-1,-1,-1
1235,30,791.59,278.27,66.86,137.88,0.36,-1,-1,-1
1236,13,711.39,261.84,80.03,122.81,0.85,-1,-1,-1
1236,27,810.30,289.09,78.55,138.89,0.74,-1,-1,-1
1236,28,836.07,238.55,36.44,70.70,0.33,-1,-1,-1
1237,13,718.93,265.60,74.46,118.63,0.79,-1,-1,-1
1237,28,842.38,239.12,31.77,62.46,0.41,-1,-1,-1
1237,30,800.58,283.46,71.36,138.07,0.69,-1,-1,-1
1238,13,734.68,260.47,64.85,122.51,0.76,-1,-1,-1
1238,28,842.45,241.01,34.79,61.52,0.44,-1,-1,-1
1238,30,799.96,278.84,78.92,142.70,0.69,-1,-1,-1
1239,13,744.23,258.74,61.08,124.70,0.76,-1,-1,-1
1239,28,846.10,240.33,35.63,64.18,0.25,-1,-1,-1
1239,30,800.99,279.09,76.71,138.72,0.60,-1,-1,-1
1239,25,110.34,310.88,54.21,122.26,0.43,-1,-1,-1
1239,27,824.41,298.44,76.86,128.40,0.39,-1,-1,-1
1240,13,749.38,260.28,57.51,122.24,0.81,-1,-1,-1
1240,28,849.14,239.73,35.28,67.43,0.30,-1,-1,-1
1240,30,797.32,279.56,83.74,138.16,0.70,-1,-1,-1
1240,25,113.94,310.38,59.15,121.91,0.57,-1,-1,-1
1241,13,755.10,263.29,52.02,117.72,0.82,-1,-1,-1
1241,28,843.11,238.64,45.63,77.29,0.13,-1,-1,-1
1241,30,808.13,282.43,74.31,133.27,0.66,-1,-1,-1
1241,25,117.69,311.39,63.39,120.71,0.67,-1,-1,-1
1241,27,854.53,303.23,57.09,122.93,0.58,-1,-1,-1
1242,13,762.34,264.14,47.50,117.00,0.79,-1,-1,-1
1242,28,849.71,239.44,45.91,76.12,0.11,-1,-1,-1
1242,30,811.15,279.80,74.26,133.04,0.70,-1,-1,-1
1242,25,120.16,310.98,73.30,122.30,0.34,-1,-1,-1
1242,27,853.18,304.57,63.17,121.76,0.59,-1,-1,-1
1243,13,764.32,261.83,50.51,121.16,0.83,-1,-1,-1
1243,28,851.40,240.32,45.72,76.75,0.15,-1,-1,-1
1243,30,815.33,278.90,74.82,134.13,0.69,-1,-1,-1
1243,25,122.96,309.95,80.92,124.92,0.67,-1,-1,-1
1243,27,859.90,304.87,59.28,121.87,0.38,-1,-1,-1
1244,13,764.15,260.59,53.99,122.08,0.84,-1,-1,-1
1244,28,858.40,236.88,39.26,77.45,0.32,-1,-1,-1
1244,30,819.84,278.38,73.12,134.85,0.82,-1,-1,-1
1244,25,128.03,311.75,82.80,122.29,0.77,-1,-1,-1
1244,27,864.77,308.80,57.00,118.41,0.50,-1,-1,-1
1245,13,763.54,259.80,58.54,122.08,0.87,-1,-1,-1
1245,30,828.13,277.92,67.03,134.24,0.80,-1,-1,-1
1245,25,131.34,310.55,82.69,122.07,0.85,-1,-1,-1
1245,27,869.52,308.11,54.64,118.82,0.60,-1,-1,-1
1246,13,763.50,261.83,63.03,122.04,0.84,-1,-1,-1
1246,30,834.21,278.19,61.47,133.42,0.80,-1,-1,-1
1246,25,134.10,309.76,81.66,122.09,0.86,-1,-1,-1
1246,27,869.57,305.31,59.28,120.84,0.59,-1,-1,-1
1247,13,764.42,256.71,68.97,128.41,0.80,-1,-1,-1
1247,30,838.06,278.88,57.70,133.79,0.73,-1,-1,-1
1247,25,137.47,307.98,80.99,122.43,0.82,-1,-1,-1
1247,27,871.76,297.23,62.71,128.87,0.71,-1,-1,-1
1248,13,765.86,255.76,72.79,130.77,0.83,-1,-1,-1
1248,30,842.74,278.32,55.46,135.82,0.66,-1,-1,-1
1248,25,141.18,305.61,77.85,121.06,0.75,-1,-1,-1
1248,27,872.73,293.68,64.91,132.24,0.72,-1,-1,-1
1249,13,767.00,256.63,74.57,132.10,0.82,-1,-1,-1
1249,30,845.19,278.68,56.11,134.72,0.71,-1,-1,-1
1249,25,144.17,305.88,74.61,123.14,0.82,-1,-1,-1
1249,27,873.69,286.37,66.96,139.28,0.69,-1,-1,-1
1250,13,769.26,257.21,75.95,132.38,0.76,-1,-1,-1
1250,30,844.09,277.04,62.77,136.12,0.72,-1,-1,-1
1250,25,148.50,304.52,67.39,123.67,0.85,-1,-1,-1
1250,27,874.21,291.22,68.83,133.27,0.66,-1,-1,-1
1251,13,778.68,256.60,70.55,133.86,0.78,-1,-1,-1
1251,30,843.12,279.16,67.61,135.28,0.74,-1,-1,-1
1251,25,151.66,303.04,62.29,125.57,0.80,-1,-1,-1
1251,27,877.93,297.15,68.20,127.31,0.72,-1,-1,-1
1252,13,795.20,256.84,56.39,136.48,0.76,-1,-1,-1
1252,30,842.28,282.39,72.57,132.42,0.73,-1,-1,-1
1252,25,153.73,303.29,60.13,125.31,0.79,-1,-1,-1
1252,27,877.25,297.64,70.20,126.57,0.66,-1,-1,-1
1253,13,800.10,259.14,54.56,132.60,0.73,-1,-1,-1
1253,30,845.42,282.91,78.20,133.22,0.63,-1,-1,-1
1253,25,157.09,303.26,58.34,124.77,0.59,-1,-1,-1
1253,27,879.99,299.34,71.74,125.80,0.55,-1,-1,-1
1253,31,891.51,228.04,35.91,60.06,0.45,-1,-1,-1
1254,13,804.24,258.43,53.43,132.28,0.76,-1,-1,-1
1254,30,845.36,281.72,83.24,133.48,0.71,-1,-1,-1
1254,25,158.93,301.70,56.06,124.82,0.73,-1,-1,-1
1254,27,885.30,299.68,69.09,125.14,0.51,-1,-1,-1
1254,28,894.04,229.92,34.79,57.84,0.54,-1,-1,-1
1255,13,811.92,256.67,49.86,134.23,0.84,-1,-1,-1
1255,30,847.07,280.59,84.90,132.88,0.65,-1,-1,-1
1255,27,900.77,302.43,58.45,118.01,0.61,-1,-1,-1
1255,28,896.80,229.80,35.13,53.66,0.36,-1,-1,-1
1256,13,818.01,254.27,47.26,139.72,0.86,-1,-1,-1
1256,30,853.51,279.56,79.75,133.87,0.51,-1,-1,-1
1256,27,907.08,301.18,57.64,118.46,0.54,-1,-1,-1
1256,28,901.28,231.32,33.63,48.33,0.27,-1,-1,-1
1257,13,820.70,254.44,47.40,140.95,0.88,-1,-1,-1
1257,30,862.77,273.99,72.39,137.20,0.45,-1,-1,-1
1257,27,903.11,298.77,66.03,121.54,0.65,-1,-1,-1
1257,28,906.28,232.39,32.29,45.27,0.15,-1,-1,-1
1258,13,821.73,255.31,47.72,139.32,0.86,-1,-1,-1
1258,30,861.34,270.39,78.33,138.97,0.60,-1,-1,-1
1258,27,909.73,299.17,61.80,121.25,0.58,-1,-1,-1
1258,25,173.00,300.19,70.87,123.35,0.67,-1,-1,-1
1259,13,823.91,256.60,49.66,136.04,0.85,-1,-1,-1
1259,30,866.83,269.76,79.53,140.07,0.67,-1,-1,-1
1259,27,919.23,299.26,54.48,121.39,0.56,-1,-1,-1
1259,25,176.56,300.70,73.22,120.44,0.80,-1,-1,-1
1260,13,828.14,257.20,48.96,134.92,0.83,-1,-1,-1
1260,30,873.68,271.29,71.74,136.67,0.71,-1,-1,-1
1260,27,924.27,297.87,53.41,122.35,0.70,-1,-1,-1
1260,25,178.83,299.63,74.56,120.67,0.82,-1,-1,-1
1261,13,825.99,257.93,55.26,133.70,0.86,-1,-1,-1
1261,30,880.05,270.26,68.91,137.58,0.69,-1,-1,-1
1261,27,925.62,297.63,53.55,122.19,0.61,-1,-1,-1
1261,25,180.64,299.06,73.87,120.67,0.85,-1,-1,-1
1262,13,828.78,260.19,54.79,130.13,0.86,-1,-1,-1
1262,30,884.36,272.03,66.63,135.75,0.63,-1,-1,-1
1262,27,919.78,293.28,59.67,126.74,0.65,-1,-1,-1
1262,25,185.86,299.70,69.13,119.32,0.82,-1,-1,-1
1263,13,826.04,261.52,61.08,127.25,0.82,-1,-1,-1
1263,30,888.32,272.44,67.47,136.53,0.70,-1,-1,-1
1263,27,921.92,297.11,62.10,124.60,0.43,-1,-1,-1
1263,25,189.72,300.34,67.18,119.58,0.75,-1,-1,-1
1264,13,826.76,260.78,64.27,127.68,0.77,-1,-1,-1
1264,30,893.73,275.82,66.38,135.69,0.68,-1,-1,-1
1264,27,923.27,300.53,68.84,122.09,0.50,-1,-1,-1
1264,25,194.16,301.07,66.37,119.24,0.75,-1,-1,-1
1265,13,829.01,260.14,68.27,129.99,0.73,-1,-1,-1
1265,30,898.30,274.76,64.69,135.31,0.65,-1,-1,-1
1265,27,924.86,301.36,72.26,117.39,0.51,-1,-1,-1
1265,25,198.34,299.39,63.30,121.04,0.83,-1,-1,-1
1266,13,840.46,260.12,60.04,129.85,0.81,-1,-1,-1
1266,30,896.83,273.66,66.58,135.35,0.62,-1,-1,-1
1266,27,926.14,303.08,74.93,115.16,0.53,-1,-1,-1
1266,25,202.26,299.70,60.21,120.73,0.84,-1,-1,-1
1267,13,845.84,257.33,57.92,132.33,0.78,-1,-1,-1
1267,30,894.66,267.25,72.33,142.69,0.50,-1,-1,-1
1267,27,927.26,307.55,76.45,110.33,0.32,-1,-1,-1
1267,25,206.35,298.60,54.80,121.62,0.86,-1,-1,-1
1268,13,854.48,255.54,52.51,132.10,0.79,-1,-1,-1
1268,30,897.05,273.34,75.76,136.46,0.57,-1,-1,-1
1268,27,928.53,303.51,78.10,114.78,0.60,-1,-1,-1
1268,25,211.41,297.25,49.67,122.44,0.85,-1,-1,-1
1269,13,862.78,256.94,46.18,130.76,0.78,-1,-1,-1
1269,30,908.17,277.59,68.35,128.82,0.39,-1,-1,-1
1269,27,936.41,301.95,72.49,114.77,0.48,-1,-1,-1
1269,25,213.63,296.36,48.39,122.79,0.88,-1,-1,-1
1270,13,866.71,253.26,48.15,138.21,0.78,-1,-1,-1
1270,30,907.59,272.25,72.55,132.52,0.59,-1,-1,-1
1270,27,944.38,300.09,67.89,116.82,0.65,-1,-1,-1
1270,25,217.39,295.49,47.53,123.41,0.76,-1,-1,-1
1271,13,871.72,255.50,43.59,132.95,0.82,-1,-1,-1
1271,30,915.80,274.24,64.25,129.41,0.65,-1,-1,-1
1271,27,949.82,298.49,65.52,118.49,0.51,-1,-1,-1
1271,25,219.94,294.07,53.52,124.36,0.75,-1,-1,-1
1272,13,873.27,256.48,45.31,131.72,0.76,-1,-1,-1
1272,30,918.29,279.21,64.42,122.72,0.62,-1,-1,-1
1272,27,950.47,299.38,68.99,116.25,0.39,-1,-1,-1
1272,25,223.10,292.85,65.92,124.82,0.80,-1,-1,-1
1272,32,960.55,230.38,33.09,54.81,0.44,-1,-1,-1
1273,13,873.05,255.90,50.03,131.32,0.76,-1,-1,-1
1273,30,922.14,280.92,63.82,120.79,0.67,-1,-1,-1
1273,27,955.30,303.49,67.03,111.21,0.27,-1,-1,-1
1273,25,227.03,292.09,73.21,125.20,0.84,-1,-1,-1
1273,32,963.41,230.54,33.96,55.00,0.45,-1,-1,-1
1274,13,872.32,256.90,53.69,129.63,0.80,-1,-1,-1
1274,30,925.36,281.59,62.03,120.19,0.66,-1,-1,-1
1274,27,965.63,299.68,61.95,118.23,0.67,-1,-1,-1
1274,25,231.28,291.82,75.14,125.41,0.85,-1,-1,-1
1274,32,966.78,229.86,33.20,54.43,0.42,-1,-1,-1
1275,13,872.45,256.76,58.38,130.60,0.83,-1,-1,-1
1275,30,927.97,284.46,60.49,121.14,0.65,-1,-1,-1
1275,27,969.98,296.97,61.73,123.48,0.47,-1,-1,-1
1275,25,234.89,292.81,74.28,125.59,0.86,-1,-1,-1
1275,32,971.64,229.00,30.12,54.62,0.33,-1,-1,-1
1276,13,872.30,258.91,62.96,130.39,0.85,-1,-1,-1
1276,30,931.51,286.44,57.44,120.87,0.61,-1,-1,-1
1276,27,972.82,297.73,61.09,125.59,0.53,-1,-1,-1
1276,25,239.19,291.62,75.98,126.87,0.83,-1,-1,-1
1277,13,872.89,260.82,66.63,130.12,0.86,-1,-1,-1
1277,30,937.98,284.13,53.62,121.21,0.55,-1,-1,-1
1277,27,973.03,296.19,64.42,127.01,0.72,-1,-1,-1
1277,25,241.64,290.37,74.88,127.90,0.84,-1,-1,-1
1277,32,977.74,227.06,31.71,58.38,0.29,-1,-1,-1
1278,13,873.51,261.93,68.44,129.76,0.85,-1,-1,-1
1278,30,941.24,281.24,54.42,124.10,0.65,-1,-1,-1
1278,27,975.39,299.51,64.75,121.13,0.69,-1,-1,-1
1278,25,245.30,287.32,71.44,129.64,0.87,-1,-1,-1
1278,32,978.76,226.19,37.72,64.59,0.46,-1,-1,-1
1279,13,874.01,263.58,69.90,127.23,0.82,-1,-1,-1
1279,30,939.85,281.15,61.02,124.51,0.70,-1,-1,-1
1279,27,976.99,300.74,66.33,119.35,0.71,-1,-1,-1
1279,25,248.78,286.45,66.76,129.55,0.85,-1,-1,-1
1279,32,982.24,226.38,35.66,58.91,0.33,-1,-1,-1
1280,13,875.69,263.13,71.25,126.51,0.78,-1,-1,-1
1280,30,937.38,280.28,66.50,125.10,0.63,-1,-1,-1
1280,27,976.15,301.21,68.82,125.55,0.67,-1,-1,-1
1280,25,253.45,286.14,63.11,125.42,0.81,-1,-1,-1
1280,32,984.51,227.87,35.03,57.99,0.36,-1,-1,-1
1281,13,880.71,262.99,67.88,126.07,0.68,-1,-1,-1
1281,30,936.52,280.07,69.91,126.39,0.67,-1,-1,-1
1281,27,977.49,303.24,69.20,119.35,0.59,-1,-1,-1
1281,25,258.45,286.37,57.18,123.56,0.36,-1,-1,-1
1281,32,985.61,228.86,37.98,61.05,0.29,-1,-1,-1
1282,13,885.69,261.92,68.29,127.24,0.57,-1,-1,-1
1282,30,937.01,279.25,72.19,126.18,0.66,-1,-1,-1
1282,27,980.85,299.72,68.38,117.65,0.57,-1,-1,-1
1282,25,262.31,283.62,53.10,125.00,0.72,-1,-1,-1
1282,32,990.40,228.87,37.84,75.89,0.34,-1,-1,-1
1283,13,890.74,261.81,67.07,126.85,0.68,-1,-1,-1
1283,30,936.43,278.44,83.34,126.10,0.56,-1,-1,-1
1283,27,980.77,300.71,72.79,116.23,0.54,-1,-1,-1
1283,25,266.92,282.81,50.23,127.59,0.82,-1,-1,-1
1283,32,993.38,230.31,38.04,78.49,0.39,-1,-1,-1
1284,13,902.84,262.26,58.19,127.33,0.77,-1,-1,-1
1284,30,935.12,278.35,91.23,127.44,0.53,-1,-1,-1
1284,27,987.86,302.56,70.23,110.41,0.48,-1,-1,-1
1284,25,271.89,281.25,48.63,129.06,0.76,-1,-1,-1
1284,32,995.94,232.78,37.81,74.57,0.37,-1,-1,-1
1285,13,908.06,260.98,56.54,128.63,0.81,-1,-1,-1
1285,30,941.50,276.24,89.91,128.95,0.43,-1,-1,-1
1285,27,993.17,298.04,67.76,112.22,0.55,-1,-1,-1
1285,25,276.92,281.30,46.48,129.12,0.82,-1,-1,-1
1285,32,999.91,234.29,46.60,81.10,0.14,-1,-1,-1
1286,13,912.99,259.85,55.58,130.24,0.83,-1,-1,-1
1286,30,952.88,276.74,76.62,129.60,0.47,-1,-1,-1
1286,27,999.46,296.56,65.38,113.15,0.63,-1,-1,-1
1286,25,280.53,281.73,47.56,127.63,0.80,-1,-1,-1
1286,32,1000.34,236.55,51.07,78.19,0.19,-1,-1,-1
1287,13,919.08,258.22,54.01,133.34,0.84,-1,-1,-1
1287,30,958.81,275.74,67.65,127.90,0.49,-1,-1,-1
1287,27,1005.25,296.42,62.00,111.42,0.58,-1,-1,-1
1287,25,283.78,282.86,53.92,126.25,0.77,-1,-1,-1
1287,32,1004.47,237.70,49.09,89.79,0.21,-1,-1,-1
1288,13,923.53,257.97,51.29,133.37,0.82,-1,-1,-1
1288,30,962.08,277.43,62.43,124.27,0.54,-1,-1,-1
1288,27,1012.52,297.76,54.91,108.30,0.64,-1,-1,-1
1288,25,287.15,284.28,60.92,123.65,0.82,-1,-1,-1
1288,32,1009.46,239.31,46.01,87.07,0.35,-1,-1,-1
1289,13,927.50,258.97,48.02,130.01,0.88,-1,-1,-1
1289,30,962.24,277.16,64.35,123.39,0.52,-1,-1,-1
1289,27,1016.30,297.44,55.10,110.92,0.65,-1,-1,-1
1289,25,290.68,283.76,70.39,123.17,0.86,-1,-1,-1
1289,32,1013.25,240.26,44.10,85.04,0.41,-1,-1,-1
1290,13,928.18,257.67,48.99,130.60,0.88,-1,-1,-1
1290,30,969.07,275.76,58.10,122.59,0.56,-1,-1,-1
1290,27,1017.31,295.93,57.83,114.51,0.70,-1,-1,-1
1290,25,293.96,283.83,72.30,122.39,0.85,-1,-1,-1
1290,32,1019.05,241.22,42.21,78.93,0.40,-1,-1,-1
1291,13,927.98,260.24,49.93,126.41,0.85,-1,-1,-1
1291,30,972.17,276.34,58.93,122.37,0.63,-1,-1,-1
1291,27,1017.81,296.81,60.15,115.67,0.72,-1,-1,-1
1291,25,297.24,282.54,70.61,123.58,0.85,-1,-1,-1
1291,32,1024.05,241.15,40.15,80.69,0.43,-1,-1,-1
1292,13,924.44,258.21,56.73,128.13,0.81,-1,-1,-1
1292,30,978.20,276.40,59.59,123.02,0.69,-1,-1,-1
1292,27,1019.05,296.44,60.57,117.02,0.70,-1,-1,-1
1292,25,297.91,280.98,71.57,124.60,0.83,-1,-1,-1
1292,32,1028.00,241.79,39.67,76.30,0.48,-1,-1,-1
1293,13,926.19,260.78,59.16,124.47,0.77,-1,-1,-1
1293,30,983.49,277.22,57.71,123.19,0.74,-1,-1,-1
1293,27,1017.25,294.96,60.73,116.27,0.56,-1,-1,-1
1293,25,298.69,282.44,72.45,122.88,0.82,-1,-1,-1
1293,32,1030.90,242.29,36.16,64.40,0.40,-1,-1,-1
1294,13,926.99,261.54,62.83,124.28,0.72,-1,-1,-1
1294,30,983.56,276.24,62.53,124.45,0.57,-1,-1,-1
1294,27,1003.97,291.43,80.73,119.09,0.34,-1,-1,-1
1294,25,304.15,284.60,69.73,120.13,0.76,-1,-1,-1
1294,32,1034.32,243.57,35.46,53.49,0.13,-1,-1,-1
1295,13,927.85,259.20,67.17,128.31,0.77,-1,-1,-1
1295,30,983.49,275.88,62.93,124.47,0.48,-1,-1,-1
1295,27,996.69,288.47,91.86,123.46,0.47,-1,-1,-1
1295,25,311.04,284.06,62.84,119.49,0.80,-1,-1,-1
1296,13,931.36,258.63,67.61,130.20,0.77,-1,-1,-1
1296,27,987.72,279.60,102.72,131.60,0.49,-1,-1,-1
1296,25,317.70,282.13,56.13,120.67,0.73,-1,-1,-1
1296,32,1041.73,242.41,42.76,68.03,0.44,-1,-1,-1
1297,13,935.18,256.32,67.57,131.51,0.80,-1,-1,-1
1297,27,984.10,273.53,108.02,137.75,0.49,-1,-1,-1
1297,25,324.12,281.26,49.19,119.89,0.11,-1,-1,-1
1297,32,1044.36,241.65,47.48,73.28,0.28,-1,-1,-1
1298,13,941.23,254.73,64.25,133.18,0.81,-1,-1,-1
1298,27,988.44,266.59,96.85,141.94,0.56,-1,-1,-1
1298,32,1046.77,241.01,49.43,78.39,0.29,-1,-1,-1
1299,13,947.70,251.57,61.36,135.93,0.78,-1,-1,-1
1299,27,987.07,273.74,109.20,135.33,0.43,-1,-1,-1
1299,32,1045.67,241.49,47.23,69.11,0.18,-1,-1,-1
1300,13,954.74,252.20,56.95,135.17,0.81,-1,-1,-1
1300,27,1001.73,267.04,98.12,140.16,0.55,-1,-1,-1
1300,32,1048.48,241.57,50.02,81.07,0.21,-1,-1,-1
1300,25,337.11,273.91,47.56,131.21,0.61,-1,-1,-1
1301,13,961.97,252.71,50.92,133.57,0.69,-1,-1,-1
1301,27,1009.81,270.63,86.69,133.14,0.53,-1,-1,-1
1301,32,1050.61,241.87,48.41,85.55,0.16,-1,-1,-1
1301,25,341.40,271.58,44.26,132.09,0.81,-1,-1,-1
1302,13,964.85,253.17,50.82,131.86,0.71,-1,-1,-1
1302,27,1023.24,254.06,75.83,142.97,0.18,-1,-1,-1
1302,32,1057.22,242.60,40.75,84.01,0.20,-1,-1,-1
1302,25,345.45,270.72,43.10,131.51,0.78,-1,-1,-1
1302,30,1008.72,280.57,70.04,117.87,0.58,-1,-1,-1
1303,13,965.67,254.58,51.49,128.24,0.76,-1,-1,-1
1303,32,1058.65,242.84,39.41,82.45,0.16,-1,-1,-1
1303,25,349.02,271.16,41.91,130.02,0.72,-1,-1,-1
1303,30,1010.86,279.77,72.54,120.25,0.63,-1,-1,-1
1304,13,967.91,254.41,50.45,129.62,0.78,-1,-1,-1
1304,32,1060.08,243.49,38.59,78.58,0.10,-1,-1,-1
1304,25,351.68,270.10,41.33,131.52,0.54,-1,-1,-1
1304,30,1014.55,281.43,67.33,117.83,0.60,-1,-1,-1
1305,13,965.61,254.56,55.79,127.49,0.82,-1,-1,-1
1305,32,1064.71,258.20,35.49,73.09,0.09,-1,-1,-1
1305,25,354.73,269.12,44.05,133.09,0.58,-1,-1,-1
1305,30,1013.74,280.76,72.53,119.47,0.50,-1,-1,-1
1306,13,964.77,253.85,59.62,127.19,0.84,-1,-1,-1
1306,32,1067.66,265.20,32.80,67.94,0.11,-1,-1,-1
1306,25,356.53,272.00,48.94,130.97,0.50,-1,-1,-1
1306,30,1016.08,281.05,70.22,118.65,0.63,-1,-1,-1
1307,13,966.77,252.48,60.56,128.48,0.82,-1,-1,-1
1307,32,1068.45,267.23,32.87,71.53,0.12,-1,-1,-1
1307,25,354.81,273.44,67.54,128.67,0.69,-1,-1,-1
1307,30,1021.07,278.56,67.47,126.40,0.57,-1,-1,-1
1308,13,966.93,254.55,64.17,125.58,0.81,-1,-1,-1
1308,25,354.74,272.33,72.27,129.50,0.64,-1,-1,-1
1308,30,1021.35,279.74,67.19,122.22,0.72,-1,-1,-1
1309,13,971.79,255.86,62.47,123.66,0.78,-1,-1,-1
1309,25,356.93,271.35,72.96,130.37,0.70,-1,-1,-1
1309,30,1020.25,280.49,74.72,121.32,0.72,-1,-1,-1
1310,13,981.46,257.64,55.37,122.45,0.75,-1,-1,-1
1310,25,363.21,271.04,67.23,129.04,0.30,-1,-1,-1
1310,30,1022.84,279.58,68.95,122.88,0.63,-1,-1,-1
1311,13,984.20,256.90,55.22,123.08,0.76,-1,-1,-1
1311,25,377.86,271.08,53.31,126.27,0.75,-1,-1,-1
1311,30,1021.24,273.22,71.47,128.96,0.59,-1,-1,-1
1312,13,990.04,256.18,52.12,123.69,0.76,-1,-1,-1
1312,25,387.26,269.82,46.25,126.98,0.77,-1,-1,-1
1312,30,1021.98,277.11,70.48,122.94,0.66,-1,-1,-1
1313,13,987.35,254.91,59.70,125.65,0.76,-1,-1,-1
1313,25,393.87,268.64,43.64,128.25,0.77,-1,-1,-1
1313,30,1021.65,279.36,72.05,119.54,0.64,-1,-1,-1
1314,13,986.01,254.06,65.40,126.19,0.74,-1,-1,-1
1314,25,399.13,268.10,42.07,126.05,0.67,-1,-1,-1
1314,30,1020.64,282.27,75.41,114.09,0.48,-1,-1,-1
1315,13,991.26,253.29,63.08,124.93,0.76,-1,-1,-1
1315,25,403.42,268.65,43.65,120.09,0.76,-1,-1,-1
1316,13,996.42,252.53,59.55,124.76,0.77,-1,-1,-1
1316,25,408.28,269.99,43.53,115.90,0.71,-1,-1,-1
1316,30,1021.56,274.37,82.91,124.25,0.27,-1,-1,-1
1317,13,1001.15,252.40,55.56,125.94,0.79,-1,-1,-1
1317,25,411.23,270.24,46.73,117.62,0.82,-1,-1,-1
1317,30,1022.81,276.80,81.35,123.86,0.43,-1,-1,-1
1318,13,1005.90,252.65,53.35,127.94,0.82,-1,-1,-1
1318,25,414.54,271.42,48.26,114.93,0.87,-1,-1,-1
1318,30,1030.56,281.91,73.59,118.55,0.29,-1,-1,-1
1319,13,1008.09,255.25,54.38,126.09,0.85,-1,-1,-1
1319,25,419.18,272.33,46.29,111.47,0.82,-1,-1,-1
1319,30,1046.91,279.73,55.22,118.37,0.40,-1,-1,-1
1320,13,1007.96,255.85,58.15,125.09,0.84,-1,-1,-1
1320,25,421.02,272.82,47.75,110.92,0.82,-1,-1,-1
1320,30,1051.73,274.58,51.78,125.82,0.45,-1,-1,-1
1321,13,1007.87,256.61,58.36,124.25,0.82,-1,-1,-1
1321,25,423.35,272.67,50.41,112.70,0.67,-1,-1,-1
1321,30,1049.36,261.95,52.85,137.47,0.48,-1,-1,-1
1322,13,1008.21,255.10,60.05,126.93,0.81,-1,-1,-1
1322,25,426.02,274.78,53.05,111.92,0.84,-1,-1,-1
1322,30,1049.12,272.37,51.90,129.77,0.47,-1,-1,-1
1323,13,1008.71,253.98,62.70,128.67,0.79,-1,-1,-1
1323,25,428.93,275.34,53.61,111.64,0.85,-1,-1,-1
1323,30,1050.31,270.33,49.88,130.15,0.17,-1,-1,-1
1324,13,1009.17,254.35,64.48,127.78,0.80,-1,-1,-1
1324,25,430.97,273.66,56.74,111.47,0.86,-1,-1,-1
1324,30,1051.95,271.54,52.94,128.79,0.14,-1,-1,-1
1324,33,1122.10,260.46,37.91,59.96,0.45,-1,-1,-1
1325,13,1010.74,255.21,65.66,126.84,0.80,-1,-1,-1
1325,25,438.71,273.73,51.33,111.26,0.78,-1,-1,-1
1325,30,1054.21,275.75,53.65,123.16,0.19,-1,-1,-1
1325,33,1123.52,259.85,36.97,58.90,0.48,-1,-1,-1
1326,13,1013.94,256.73,64.96,125.26,0.76,-1,-1,-1
1326,25,448.23,272.10,45.35,112.16,0.59,-1,-1,-1
1326,30,1054.49,284.08,51.00,114.15,0.29,-1,-1,-1
1326,33,1123.96,258.81,38.19,58.54,0.55,-1,-1,-1
1327,13,1018.56,254.01,66.20,127.59,0.76,-1,-1,-1
1327,25,456.21,270.90,44.70,109.70,0.56,-1,-1,-1
1327,33,1124.52,257.88,40.06,62.27,0.49,-1,-1,-1
1328,13,1023.48,253.45,64.00,127.42,0.73,-1,-1,-1
1328,25,461.43,270.74,43.36,101.19,0.71,-1,-1,-1
1328,33,1125.73,258.14,39.98,66.39,0.46,-1,-1,-1
1329,13,1029.92,253.72,56.67,124.61,0.73,-1,-1,-1
1329,25,467.26,270.81,43.36,105.10,0.72,-1,-1,-1
1329,33,1131.37,261.92,35.17,65.60,0.33,-1,-1,-1
1330,13,1036.34,251.67,50.86,126.08,0.73,-1,-1,-1
1330,25,472.30,270.42,43.04,106.17,0.48,-1,-1,-1
1330,33,1136.40,262.97,33.11,72.28,0.29,-1,-1,-1
1331,13,1040.55,256.75,47.23,117.95,0.41,-1,-1,-1
1331,25,476.20,270.97,43.15,95.35,0.54,-1,-1,-1
1331,33,1139.07,264.52,32.65,72.75,0.38,-1,-1,-1
1332,13,1043.54,258.46,47.32,117.21,0.68,-1,-1,-1
1332,25,480.35,270.92,42.21,96.53,0.73,-1,-1,-1
1332,33,1140.96,263.95,31.98,73.77,0.30,-1,-1,-1
1333,13,1043.82,257.13,49.24,122.02,0.75,-1,-1,-1
1333,25,484.64,271.67,42.25,97.09,0.62,-1,-1,-1
1333,33,1142.60,264.74,31.93,73.54,0.37,-1,-1,-1
1334,13,1043.41,259.12,50.64,117.52,0.74,-1,-1,-1
1334,25,488.83,272.14,42.67,98.06,0.48,-1,-1,-1
1334,33,1143.09,263.48,35.92,76.78,0.32,-1,-1,-1
1335,13,1043.31,257.28,53.81,121.75,0.76,-1,-1,-1
1335,25,496.93,271.25,38.78,73.34,0.52,-1,-1,-1
1335,33,1145.09,261.62,36.66,76.62,0.15,-1,-1,-1
1336,13,1042.37,260.29,55.83,117.04,0.82,-1,-1,-1
1336,25,503.74,271.46,36.28,65.78,0.49,-1,-1,-1
1336,33,1148.60,259.53,37.77,80.14,0.21,-1,-1,-1
1337,13,1041.45,262.22,57.59,114.44,0.77,-1,-1,-1
1337,25,508.35,271.64,36.89,65.27,0.41,-1,-1,-1
1337,33,1150.51,259.13,40.48,81.53,0.33,-1,-1,-1
1338,13,1041.00,267.04,58.31,112.94,0.58,-1,-1,-1
1338,25,514.17,271.34,36.42,64.52,0.68,-1,-1,-1
1338,33,1146.89,258.42,45.58,80.72,0.15,-1,-1,-1
1339,13,1040.70,268.62,56.68,106.95,0.09,-1,-1,-1
1339,25,518.72,270.90,33.74,64.26,0.46,-1,-1,-1
1340,13,1043.04,265.15,57.86,114.71,0.40,-1,-1,-1
1340,25,524.00,270.85,30.97,59.56,0.33,-1,-1,-1
1348,34,557.17,268.50,51.95,137.65,0.74,-1,-1,-1
1349,34,557.13,264.59,59.08,144.63,0.41,-1,-1,-1
1350,34,564.68,269.55,58.65,139.04,0.84,-1,-1,-1
1351,34,572.41,274.17,50.51,133.45,0.85,-1,-1,-1
1352,34,577.65,272.80,48.72,134.22,0.86,-1,-1,-1
1353,34,582.92,273.52,43.58,132.76,0.80,-1,-1,-1
1354,34,587.97,273.00,40.59,134.68,0.81,-1,-1,-1
1355,34,591.40,271.96,39.06,134.37,0.85,-1,-1,-1
1356,34,597.59,271.38,39.45,134.02,0.83,-1,-1,-1
1357,34,602.94,273.95,38.23,129.71,0.79,-1,-1,-1
1358,34,606.00,273.15,42.85,128.96,0.88,-1,-1,-1
1359,34,605.41,273.21,58.09,130.65,0.85,-1,-1,-1
1360,34,604.94,275.32,71.36,130.24,0.87,-1,-1,-1
1361,34,604.08,275.86,82.73,130.73,0.90,-1,-1,-1
1362,34,603.51,275.71,88.79,129.72,0.88,-1,-1,-1
1363,34,604.15,275.77,92.64,129.33,0.88,-1,-1,-1
1364,34,605.61,275.49,92.79,129.06,0.87,-1,-1,-1
1365,34,609.15,275.57,88.10,129.24,0.87,-1,-1,-1
1366,34,619.34,274.31,78.85,132.21,0.81,-1,-1,-1
1367,34,642.90,272.62,54.43,133.63,0.77,-1,-1,-1
1368,34,641.19,272.74,60.72,135.33,0.83,-1,-1,-1
1369,34,657.36,272.46,47.45,134.24,0.78,-1,-1,-1
1370,34,668.06,268.62,41.29,137.13,0.82,-1,-1,-1
1371,34,672.97,268.07,41.77,138.39,0.87,-1,-1,-1
1372,34,675.85,271.80,43.69,137.28,0.88,-1,-1,-1
1373,34,674.31,272.44,56.68,138.68,0.85,-1,-1,-1
1374,34,673.52,272.11,69.94,136.32,0.88,-1,-1,-1
1375,34,673.02,272.79,78.14,134.45,0.89,-1,-1,-1
1376,34,673.53,275.38,80.66,130.32,0.89,-1,-1,-1
1377,34,673.28,277.60,82.58,127.82,0.88,-1,-1,-1
1378,34,675.66,278.62,83.59,127.36,0.87,-1,-1,-1
1379,34,682.07,279.71,77.63,126.86,0.84,-1,-1,-1
1380,34,689.05,278.45,75.90,129.41,0.83,-1,-1,-1
1381,34,699.85,276.97,70.27,132.75,0.81,-1,-1,-1
1382,34,715.84,273.46,58.16,137.97,0.86,-1,-1,-1
1383,34,727.35,273.91,49.98,136.28,0.80,-1,-1,-1
1384,34,734.82,272.29,46.11,141.80,0.87,-1,-1,-1
1385,34,738.38,273.93,47.32,138.06,0.87,-1,-1,-1
1386,34,737.05,272.75,59.02,138.06,0.86,-1,-1,-1
1387,34,737.28,273.52,70.34,137.39,0.88,-1,-1,-1
1388,34,735.73,274.54,81.14,134.57,0.87,-1,-1,-1
1389,34,735.85,275.02,85.41,132.66,0.85,-1,-1,-1
1390,34,736.33,274.69,87.65,132.85,0.85,-1,-1,-1
1391,34,738.57,274.45,87.24,135.60,0.86,-1,-1,-1
1392,34,748.13,274.41,80.32,135.55,0.83,-1,-1,-1
1393,34,771.77,275.06,59.35,131.76,0.82,-1,-1,-1
1394,34,776.94,274.96,58.32,130.63,0.79,-1,-1,-1
1395,34,782.57,273.07,58.63,129.90,0.80,-1,-1,-1
1396,34,793.08,270.81,52.29,136.26,0.85,-1,-1,-1
1397,34,801.67,271.29,48.15,136.52,0.90,-1,-1,-1
1398,34,804.16,271.49,50.97,136.14,0.85,-1,-1,-1
1399,34,803.94,270.95,56.53,134.86,0.88,-1,-1,-1
1400,34,802.08,271.50,65.78,132.90,0.88,-1,-1,-1
1401,34,802.09,272.69,73.83,131.31,0.88,-1,-1,-1
1402,34,803.47,275.26,78.47,128.08,0.88,-1,-1,-1
1403,34,804.15,277.71,84.23,125.80,0.87,-1,-1,-1
1404,34,804.56,277.85,89.86,126.13,0.89,-1,-1,-1
1405,34,805.68,277.57,92.77,126.71,0.90,-1,-1,-1
1406,34,808.28,278.37,94.04,126.80,0.91,-1,-1,-1
1407,34,813.74,278.51,90.47,126.83,0.90,-1,-1,-1
1408,34,822.65,279.68,85.16,124.35,0.87,-1,-1,-1
1409,34,832.08,277.82,81.75,125.99,0.83,-1,-1,-1
1410,34,844.70,277.92,81.86,127.60,0.86,-1,-1,-1
1411,34,858.10,274.63,86.07,131.46,0.53,-1,-1,-1
1412,34,862.76,271.69,90.51,133.93,0.74,-1,-1,-1
1413,34,864.78,272.01,96.34,132.11,0.63,-1,-1,-1
1414,34,865.60,272.32,102.00,130.52,0.76,-1,-1,-1
1415,34,866.50,273.56,107.30,129.66,0.83,-1,-1,-1
1416,34,865.53,274.22,116.40,130.39,0.87,-1,-1,-1
1417,34,864.24,274.89,122.28,130.45,0.87,-1,-1,-1
1418,34,863.83,274.95,121.67,131.07,0.90,-1,-1,-1
1419,34,866.10,274.86,117.18,131.40,0.91,-1,-1,-1
1420,34,870.55,273.37,108.53,132.01,0.89,-1,-1,-1
1421,34,880.21,273.39,95.44,129.47,0.83,-1,-1,-1
1422,34,890.23,271.42,83.07,130.18,0.79,-1,-1,-1
1423,34,899.16,270.17,74.66,129.95,0.83,-1,-1,-1
1424,34,908.57,267.34,66.37,135.15,0.86,-1,-1,-1
1425,34,919.37,266.77,57.64,136.23,0.85,-1,-1,-1
1426,34,924.24,266.15,56.23,137.36,0.85,-1,-1,-1
1427,34,924.29,266.49,60.80,136.45,0.86,-1,-1,-1
1428,34,923.68,268.48,64.59,135.07,0.87,-1,-1,-1
1429,34,922.53,271.74,71.28,133.95,0.87,-1,-1,-1
1430,34,922.42,273.51,76.87,131.41,0.87,-1,-1,-1
1431,34,922.57,276.13,81.23,128.35,0.86,-1,-1,-1
1432,34,923.06,277.37,83.20,126.29,0.85,-1,-1,-1
1433,34,925.49,277.76,84.66,124.79,0.81,-1,-1,-1
1434,34,928.64,277.88,87.45,123.62,0.84,-1,-1,-1
1435,34,941.72,278.34,78.07,123.37,0.76,-1,-1,-1
1436,34,944.32,278.40,80.30,124.51,0.77,-1,-1,-1
1437,34,953.66,280.67,74.01,123.26,0.85,-1,-1,-1
1438,34,962.65,279.45,68.44,126.82,0.80,-1,-1,-1
1439,34,973.52,279.11,61.21,128.37,0.78,-1,-1,-1
1440,34,982.38,279.23,57.21,128.52,0.76,-1,-1,-1
1441,34,984.71,280.18,58.54,127.77,0.79,-1,-1,-1
1442,34,985.59,283.00,60.46,121.62,0.85,-1,-1,-1
1443,34,987.22,283.31,61.63,118.10,0.85,-1,-1,-1
1444,34,986.37,283.08,67.92,118.32,0.83,-1,-1,-1
1445,34,985.21,281.97,72.90,118.96,0.82,-1,-1,-1
1446,34,986.41,282.90,75.98,116.82,0.79,-1,-1,-1
1447,34,988.67,285.09,77.60,115.54,0.83,-1,-1,-1
1448,34,990.15,281.13,80.46,118.75,0.76,-1,-1,-1
1449,34,998.90,280.18,74.79,118.16,0.82,-1,-1,-1
1450,34,1004.48,277.73,72.52,121.04,0.83,-1,-1,-1
1451,34,1009.82,273.52,71.31,124.08,0.84,-1,-1,-1
1452,34,1017.65,270.83,70.48,129.37,0.82,-1,-1,-1
1453,34,1024.67,269.86,67.24,131.40,0.82,-1,-1,-1
1454,34,1033.70,271.54,59.00,128.53,0.80,-1,-1,-1
1455,34,1037.96,271.89,57.42,128.49,0.86,-1,-1,-1
1456,34,1038.02,272.81,59.17,127.77,0.83,-1,-1,-1
1457,34,1036.81,275.65,61.91,124.05,0.85,-1,-1,-1
1458,34,1035.83,279.79,64.15,117.97,0.80,-1,-1,-1
1459,34,1036.03,281.72,68.09,115.09,0.79,-1,-1,-1
1460,34,1036.85,283.66,69.62,112.68,0.66,-1,-1,-1
1461,34,1036.58,287.05,72.34,109.83,0.11,-1,-1,-1
1462,34,1037.86,286.96,74.95,111.51,0.09,-1,-1,-1
